	3	4	5	6	7	8	9	10	11	12	13	14	15	16	17	18	19	20	21	22	23	24	25	26	27	28	29	30	31	32	33	34	35	36	37	38	39	40	41	42	43	44	45	46	47	48	49	50	51	52	53	54	55	56	57	58	59	60	61	62	63	64	65	66	67	68	69	70	71	72	73	74	75	76	77	78	79	80	81	82	83	84	85	86	87	88	89	90	91	92	93	94	95	96	97	98	99	100	101
NS.1223.004.NEBNext_dual_i7_A1---NEBNext_dual_i5_A1.03_32_vHIP_R1 - First read: Adapter 1	988048	275070	136118	92724	83766	75822	70739	67153	59850	55957	52027	47481	43424	40151	36123	33149	29456	26811	24294	22034	19896	18225	16612	15241	13681	12385	11047	10024	8500	7946	7134	6520	5874	5261	4997	4555	4068	3700	3244	2812	2588	2290	2125	1828	1829	1641	1453	1403	1209	1081	927	842	784	626	568	542	610	522	452	377	319	299	317	273	249	223	220	198	199	155	134	108	78	84	76	66	96	89	102	80	110	128	113	137	160	168	183	138	211	328	172	251	268	310	390	486	160	296	12665
	3	4	5	6	7	8	9	10	11	12	13	14	15	16
NS.1223.004.NEBNext_dual_i7_A1---NEBNext_dual_i5_A1.03_32_vHIP_R1 - Second read: Adapter 2	988205	275073	136118	92723	83767	75822	70739	67153	59850	55957	51959	46412	24	1
	3	4	5	6	7	8	9	10	11	12	13	14	15	16	17	18	19	20	21	22	23	24	25	26	27	28	29	30	31	32	33	34	35	36	37	38	39	40	41	42	43	44	45	46	47	48	49	50	51	52	53	54	55	56	57	58	59	60	61	62	63	64	65	66	67	68	69	70	71	72	73	74	75	76	77	78	79	80	81	82	83	84	85	86	87	88	89	90	91	92	93	94	95	96	97	98	99	100	101
NS.1223.004.NEBNext_dual_i7_A2---NEBNext_dual_i5_A2.17_32_dHIP_R1 - First read: Adapter 1	1095371	314903	161453	112588	101702	94426	87234	82570	74595	69044	63894	59047	54424	49968	46046	41471	37506	34171	30777	28120	25967	23771	21824	20103	18209	16290	14543	13235	11729	10548	9718	8619	8059	7317	7064	6182	5561	5098	4498	4084	3797	3409	3077	2881	2528	2459	2213	2134	1808	1688	1452	1312	1124	1110	982	897	920	825	764	607	521	536	422	394	375	347	360	281	219	231	175	140	104	87	73	69	78	74	78	79	79	87	102	97	129	118	128	147	186	233	133	153	236	233	322	389	172	478	22452
	3	4	5	6	7	8	9	10	11	12	13	14	15	49
NS.1223.004.NEBNext_dual_i7_A2---NEBNext_dual_i5_A2.17_32_dHIP_R1 - Second read: Adapter 2	1095608	314905	161453	112589	101702	94426	87234	82570	74595	69044	63828	57582	39	1
	3	4	5	6	7	8	9	10	11	12	13	14	15	16	17	18	19	20	21	22	23	24	25	26	27	28	29	30	31	32	33	34	35	36	37	38	39	40	41	42	43	44	45	46	47	48	49	50	51	52	53	54	55	56	57	58	59	60	61	62	63	64	65	66	67	68	69	70	71	72	73	74	75	76	77	78	79	80	81	82	83	84	85	86	87	88	89	90	91	92	93	94	95	96	97	98	99	100	101
NS.1223.004.NEBNext_dual_i7_A3---NEBNext_dual_i5_A3.07_26_ACC_R1 - First read: Adapter 1	1012532	287341	146186	101980	90932	83316	78280	74386	66539	61239	56633	52607	48159	44302	40210	36758	32886	29780	26765	24572	21994	20243	18628	16708	15302	13701	12226	10848	9812	8763	7854	7224	6413	5850	5344	4920	4284	3856	3471	3079	2797	2411	2281	2017	1921	1668	1505	1561	1160	1105	1000	873	818	699	663	638	606	542	499	432	364	310	281	261	232	232	246	224	186	174	145	123	114	110	115	107	121	117	128	143	164	177	207	222	218	251	252	283	301	486	245	333	376	403	548	677	207	352	15807
	3	4	5	6	7	8	9	10	11	12	13	14	15	17
NS.1223.004.NEBNext_dual_i7_A3---NEBNext_dual_i5_A3.07_26_ACC_R1 - Second read: Adapter 2	1012863	287488	146186	101981	90932	83316	78280	74386	66539	61239	53910	48986	35	1
	3	4	5	6	7	8	9	10	11	12	13	14	15	16	17	18	19	20	21	22	23	24	25	26	27	28	29	30	31	32	33	34	35	36	37	38	39	40	41	42	43	44	45	46	47	48	49	50	51	52	53	54	55	56	57	58	59	60	61	62	63	64	65	66	67	68	69	70	71	72	73	74	75	76	77	78	79	80	81	82	83	84	85	86	87	88	89	90	91	92	93	94	95	96	97	98	99	100	101
NS.1223.004.NEBNext_dual_i7_A4---NEBNext_dual_i5_A4.10_35_vHIP_R1 - First read: Adapter 1	985536	276859	137655	93954	84403	76777	72232	68409	62107	58116	52522	48604	45111	40698	37002	33877	30707	27519	25123	22927	20503	19184	17436	15824	14608	12696	11509	10373	9264	7971	7495	6801	6097	5524	5075	4656	4060	3638	3256	3106	2698	2466	2181	2026	1788	1718	1486	1464	1247	1089	987	896	826	674	615	653	594	535	463	430	392	296	300	234	267	229	237	192	172	157	114	127	90	74	78	64	96	99	104	86	92	121	138	173	129	180	184	155	232	314	169	204	206	251	368	426	161	401	17309
	3	4	5	6	7	8	9	10	11	12	13	14	15	17	20
NS.1223.004.NEBNext_dual_i7_A4---NEBNext_dual_i5_A4.10_35_vHIP_R1 - Second read: Adapter 2	985720	276866	137655	93955	84403	76777	72232	68409	62107	58116	50212	45125	45	1	1
	3	4	5	6	7	8	9	10	11	12	13	14	15	16	17	18	19	20	21	22	23	24	25	26	27	28	29	30	31	32	33	34	35	36	37	38	39	40	41	42	43	44	45	46	47	48	49	50	51	52	53	54	55	56	57	58	59	60	61	62	63	64	65	66	67	68	69	70	71	72	73	74	75	76	77	78	79	80	81	82	83	84	85	86	87	88	89	90	91	92	93	94	95	96	97	98	99	100	101
NS.1223.004.NEBNext_dual_i7_A5---NEBNext_dual_i5_A5.08_31_dHIP_R1 - First read: Adapter 1	919139	245917	112473	71680	63789	57924	54905	52238	46474	43067	40040	36462	33676	30817	28087	25720	23184	20855	18859	17290	15750	14643	13276	12073	11077	9988	8905	7895	7003	6299	6002	5192	4769	4377	4095	3682	3345	2896	2746	2450	2220	1978	1828	1700	1477	1475	1296	1190	1007	1023	862	762	707	644	533	507	551	477	475	368	341	321	259	235	220	227	186	206	152	120	117	80	86	54	78	54	67	66	64	75	84	63	84	103	116	156	146	144	155	266	138	164	230	210	308	357	130	473	20291
	3	4	5	6	7	8	9	10	11	12	13	14	15	16	19
NS.1223.004.NEBNext_dual_i7_A5---NEBNext_dual_i5_A5.08_31_dHIP_R1 - Second read: Adapter 2	919260	245927	112481	71685	63789	57924	54905	52238	46474	43067	38061	33898	13	1	1
	3	4	5	6	7	8	9	10	11	12	13	14	15	16	17	18	19	20	21	22	23	24	25	26	27	28	29	30	31	32	33	34	35	36	37	38	39	40	41	42	43	44	45	46	47	48	49	50	51	52	53	54	55	56	57	58	59	60	61	62	63	64	65	66	67	68	69	70	71	72	73	74	75	76	77	78	79	80	81	82	83	84	85	86	87	88	89	90	91	92	93	94	95	96	97	98	99	100	101
NS.1223.004.NEBNext_dual_i7_A6---NEBNext_dual_i5_A6.24_32_ACC_R1 - First read: Adapter 1	1332894	337790	142420	86052	75986	69565	65744	61681	55471	51063	47006	43093	39840	36742	33035	30381	27278	24603	22415	20495	18459	17207	15596	14335	13182	12022	10352	9329	8341	7612	6765	6387	5882	5346	4824	4403	3984	3708	3280	2992	2689	2336	2129	1938	1871	1663	1514	1390	1322	1113	1024	877	876	760	758	711	575	573	489	450	350	361	323	275	291	288	274	222	178	186	124	117	83	99	77	81	68	72	73	88	92	88	120	141	138	177	192	160	207	310	191	245	288	269	403	526	223	935	59417
	3	4	5	6	7	8	9	10	11	12	13	14	15	16	17
NS.1223.004.NEBNext_dual_i7_A6---NEBNext_dual_i5_A6.24_32_ACC_R1 - Second read: Adapter 2	1333087	337794	142421	86053	75986	69565	65745	61681	55471	51063	44677	40005	33	2	1
	3	4	5	6	7	8	9	10	11	12	13	14	15	16	17	18	19	20	21	22	23	24	25	26	27	28	29	30	31	32	33	34	35	36	37	38	39	40	41	42	43	44	45	46	47	48	49	50	51	52	53	54	55	56	57	58	59	60	61	62	63	64	65	66	67	68	69	70	71	72	73	74	75	76	77	78	79	80	81	82	83	84	85	86	87	88	89	90	91	92	93	94	95	96	97	98	99	100	101
NS.1223.004.NEBNext_dual_i7_A7---NEBNext_dual_i5_A7.01_15_vHIP_R1 - First read: Adapter 1	1174973	305077	136514	85905	76820	69411	64431	61297	55184	50494	46118	42991	39622	35983	32734	30068	26787	24154	22055	19781	18315	16660	15346	13936	12646	11480	10032	8898	8176	7200	6592	6224	5465	5108	4639	4344	3736	3303	3112	2755	2545	2270	2040	1906	1690	1580	1460	1388	1273	1093	971	886	788	710	715	748	646	562	464	413	339	306	308	266	272	240	221	186	189	151	138	103	77	80	71	87	79	77	83	76	92	62	95	142	126	156	142	143	200	318	148	196	261	238	344	433	140	431	20250
	3	4	5	6	7	8	9	10	11	12	13	14	15	16	39
NS.1223.004.NEBNext_dual_i7_A7---NEBNext_dual_i5_A7.01_15_vHIP_R1 - Second read: Adapter 2	1175159	305099	136526	85908	76820	69411	64431	61297	55184	50494	46043	42029	23	1	1
	3	4	5	6	7	8	9	10	11	12	13	14	15	16	17	18	19	20	21	22	23	24	25	26	27	28	29	30	31	32	33	34	35	36	37	38	39	40	41	42	43	44	45	46	47	48	49	50	51	52	53	54	55	56	57	58	59	60	61	62	63	64	65	66	67	68	69	70	71	72	73	74	75	76	77	78	79	80	81	82	83	84	85	86	87	88	89	90	91	92	93	94	95	96	97	98	99	100	101
NS.1223.004.NEBNext_dual_i7_A8---NEBNext_dual_i5_A8.05_13_dHIP_R1 - First read: Adapter 1	1371251	353842	155024	95301	83648	75604	72034	67425	60560	55457	51159	46553	42913	39478	35449	32278	29090	26250	23700	21319	19096	17644	16285	14736	13429	12118	10391	9420	8626	7546	6859	6134	5564	5061	4649	4105	3720	3356	2889	2692	2452	2159	1919	1739	1663	1446	1429	1213	1060	949	901	784	729	611	594	560	469	473	401	390	370	321	294	273	251	256	225	235	212	189	160	159	129	150	130	174	155	175	196	180	229	259	337	323	331	404	411	382	466	734	396	490	636	599	949	1088	326	409	17221
	3	4	5	6	7	8	9	10	11	12	13	14	15	16
NS.1223.004.NEBNext_dual_i7_A8---NEBNext_dual_i5_A8.05_13_dHIP_R1 - Second read: Adapter 2	1373886	355966	156937	95975	83672	75604	72034	67425	60560	55457	49150	43659	43	2
	3	4	5	6	7	8	9	10	11	12	13	14	15	16	17	18	19	20	21	22	23	24	25	26	27	28	29	30	31	32	33	34	35	36	37	38	39	40	41	42	43	44	45	46	47	48	49	50	51	52	53	54	55	56	57	58	59	60	61	62	63	64	65	66	67	68	69	70	71	72	73	74	75	76	77	78	79	80	81	82	83	84	85	86	87	88	89	90	91	92	93	94	95	96	97	98	99	100	101
NS.1223.004.NEBNext_dual_i7_A9---NEBNext_dual_i5_A9.01_09_ACC_R1 - First read: Adapter 1	1171108	330550	165892	115962	103539	94801	89114	83972	76118	70150	64909	59654	55318	51225	45837	41736	37870	33934	30808	28433	25684	23693	21368	19713	18007	16046	14141	12644	11355	10148	9503	8508	7871	6992	6400	5896	5211	4848	4310	3691	3443	3007	2678	2455	2315	2128	1969	1655	1569	1402	1213	1068	981	882	827	774	721	694	571	492	455	383	368	292	301	269	288	248	205	234	168	145	118	111	135	132	138	141	135	151	195	196	218	224	246	289	285	285	315	540	283	342	412	409	619	689	254	526	24455
	3	4	5	6	7	8	9	10	11	12	13	14	15	16	17	37
NS.1223.004.NEBNext_dual_i7_A9---NEBNext_dual_i5_A9.01_09_ACC_R1 - Second read: Adapter 2	1171287	330552	165894	115962	103539	94801	89114	83972	76118	70150	61829	55301	56	3	2	1
	3	4	5	6	7	8	9	10	11	12	13	14	15	16	17	18	19	20	21	22	23	24	25	26	27	28	29	30	31	32	33	34	35	36	37	38	39	40	41	42	43	44	45	46	47	48	49	50	51	52	53	54	55	56	57	58	59	60	61	62	63	64	65	66	67	68	69	70	71	72	73	74	75	76	77	78	79	80	81	82	83	84	85	86	87	88	89	90	91	92	93	94	95	96	97	98	99	100	101
NS.1223.004.NEBNext_dual_i7_B1---NEBNext_dual_i5_B1.16_38_ACC_R1 - First read: Adapter 1	757758	220243	114878	81877	74221	67523	63014	59668	54396	49805	46288	42771	39904	36209	32782	29754	26677	24176	22146	19821	18257	16719	15337	14157	12741	11539	10167	9097	8297	7108	6512	6036	5406	5050	4446	3982	3687	3353	2918	2595	2354	2016	1994	1742	1563	1483	1387	1255	1053	947	846	729	709	560	577	498	478	451	407	321	309	263	251	207	218	175	209	179	137	124	95	75	73	63	53	68	86	66	68	74	95	87	98	118	135	165	178	154	183	234	145	194	210	254	345	343	150	328	12191
	3	4	5	6	7	8	9	10	11	12	13	14	15	16	17	28
NS.1223.004.NEBNext_dual_i7_B1---NEBNext_dual_i5_B1.16_38_ACC_R1 - Second read: Adapter 2	757908	220244	114879	81877	74221	67523	63014	59668	54396	49805	45478	41148	21	1	1	1
	3	4	5	6	7	8	9	10	11	12	13	14	15	16	17	18	19	20	21	22	23	24	25	26	27	28	29	30	31	32	33	34	35	36	37	38	39	40	41	42	43	44	45	46	47	48	49	50	51	52	53	54	55	56	57	58	59	60	61	62	63	64	65	66	67	68	69	70	71	72	73	74	75	76	77	78	79	80	81	82	83	84	85	86	87	88	89	90	91	92	93	94	95	96	97	98	99	100	101
NS.1223.004.NEBNext_dual_i7_B2---NEBNext_dual_i5_B2.17_32_vHIP_R1 - First read: Adapter 1	1122427	328778	170269	120683	108251	98795	92550	87706	79773	72911	67875	62274	57947	52842	47729	42870	39163	35508	31729	29179	26463	24116	22241	20408	18333	16335	14330	13106	11691	10546	9343	8425	7776	6834	6399	5821	5299	4585	4102	3697	3233	2883	2719	2422	2212	2066	1933	1695	1543	1308	1229	1043	917	862	678	775	675	692	500	503	442	317	338	338	319	278	252	261	229	188	138	110	112	98	91	94	138	107	121	113	164	124	182	184	196	247	213	213	262	378	226	284	304	352	504	525	219	484	18392
	3	4	5	6	7	8	9	10	11	12	13	14	15	16	72
NS.1223.004.NEBNext_dual_i7_B2---NEBNext_dual_i5_B2.17_32_vHIP_R1 - Second read: Adapter 2	1122654	328781	170270	120683	108252	98795	92550	87706	79773	72911	64835	58200	45	3	1
	3	4	5	6	7	8	9	10	11	12	13	14	15	16	17	18	19	20	21	22	23	24	25	26	27	28	29	30	31	32	33	34	35	36	37	38	39	40	41	42	43	44	45	46	47	48	49	50	51	52	53	54	55	56	57	58	59	60	61	62	63	64	65	66	67	68	69	70	71	72	73	74	75	76	77	78	79	80	81	82	83	84	85	86	87	88	89	90	91	92	93	94	95	96	97	98	99	100	101
NS.1223.004.NEBNext_dual_i7_B3---NEBNext_dual_i5_B3.07_26_dHIP_R1 - First read: Adapter 1	1124486	315886	155850	105902	93267	85373	80990	76216	68785	62969	58594	53720	49656	45556	40705	37473	33768	30556	27359	25112	22665	20674	18942	17435	15541	14019	12296	10957	10018	8790	8047	7440	6576	6022	5588	4950	4447	4115	3600	3295	2855	2641	2357	2158	2013	1878	1684	1539	1364	1277	1050	953	806	756	681	742	610	577	573	440	351	329	337	264	283	282	284	221	182	212	127	134	103	97	102	120	89	108	103	138	123	148	155	182	150	223	198	234	272	378	226	285	316	320	493	557	187	468	17241
	3	4	5	6	7	8	9	10	11	12	13	14	15	16	17
NS.1223.004.NEBNext_dual_i7_B3---NEBNext_dual_i5_B3.07_26_dHIP_R1 - Second read: Adapter 2	1124679	315893	155851	105900	93268	85373	80990	76216	68785	62969	55838	49488	50	2	1
	3	4	5	6	7	8	9	10	11	12	13	14	15	16	17	18	19	20	21	22	23	24	25	26	27	28	29	30	31	32	33	34	35	36	37	38	39	40	41	42	43	44	45	46	47	48	49	50	51	52	53	54	55	56	57	58	59	60	61	62	63	64	65	66	67	68	69	70	71	72	73	74	75	76	77	78	79	80	81	82	83	84	85	86	87	88	89	90	91	92	93	94	95	96	97	98	99	100	101
NS.1223.004.NEBNext_dual_i7_B4---NEBNext_dual_i5_B4.23_38_ACC_R1 - First read: Adapter 1	823010	226831	109313	73007	64238	58749	55075	52338	47785	43304	39867	37012	33961	30995	28318	25369	23209	20387	19186	17089	15502	14339	13145	12020	10779	9421	8707	7670	6916	6215	5680	5211	4406	4091	3764	3435	3020	2858	2493	2250	1946	1841	1704	1465	1378	1307	1123	1056	939	843	726	681	629	526	491	474	496	408	355	320	296	273	206	188	210	217	174	164	131	115	108	85	86	83	69	66	75	80	70	100	76	120	110	112	123	162	165	151	231	289	191	205	251	246	384	455	139	278	11435
	3	4	5	6	7	8	9	10	11	12	13	14	15
NS.1223.004.NEBNext_dual_i7_B4---NEBNext_dual_i5_B4.23_38_ACC_R1 - Second read: Adapter 2	826859	226852	109338	73012	64238	58749	55075	52338	47785	43304	38421	34545	27
	3	4	5	6	7	8	9	10	11	12	13	14	15	16	17	18	19	20	21	22	23	24	25	26	27	28	29	30	31	32	33	34	35	36	37	38	39	40	41	42	43	44	45	46	47	48	49	50	51	52	53	54	55	56	57	58	59	60	61	62	63	64	65	66	67	68	69	70	71	72	73	74	75	76	77	78	79	80	81	82	83	84	85	86	87	88	89	90	91	92	93	94	95	96	97	98	99	100	101
NS.1223.004.NEBNext_dual_i7_B5---NEBNext_dual_i5_B5.08_31_vHIP_R1 - First read: Adapter 1	738960	207481	102617	69348	62815	57247	53063	50021	45740	41454	38793	35242	32906	30190	27146	24646	22026	19965	17987	16414	14740	13528	12371	11304	10199	9033	8140	7147	6463	5592	5215	4716	4244	3915	3637	3168	2864	2608	2277	2155	1829	1685	1529	1402	1239	1171	1113	1012	818	792	708	584	513	492	465	435	395	402	364	280	244	216	198	219	192	183	187	167	128	147	108	86	64	84	91	107	99	91	108	112	112	151	155	135	157	209	202	204	258	369	184	270	295	362	466	568	195	267	9578
	3	4	5	6	7	8	9	10	11	12	13	14	15	17	22
NS.1223.004.NEBNext_dual_i7_B5---NEBNext_dual_i5_B5.08_31_vHIP_R1 - Second read: Adapter 2	739096	207489	102619	69348	62815	57247	53063	50021	45740	41454	38744	34322	16	2	1
	3	4	5	6	7	8	9	10	11	12	13	14	15	16	17	18	19	20	21	22	23	24	25	26	27	28	29	30	31	32	33	34	35	36	37	38	39	40	41	42	43	44	45	46	47	48	49	50	51	52	53	54	55	56	57	58	59	60	61	62	63	64	65	66	67	68	69	70	71	72	73	74	75	76	77	78	79	80	81	82	83	84	85	86	87	88	89	90	91	92	93	94	95	96	97	98	99	100	101
NS.1223.004.NEBNext_dual_i7_B6---NEBNext_dual_i5_B6.24_32_dHIP_R1 - First read: Adapter 1	882462	243368	117753	79315	71317	64258	60902	57778	52043	47468	44362	40525	37767	34359	31346	28113	25715	22729	20759	19073	17376	15879	14655	13268	11878	10497	9507	8322	7715	6833	6332	5650	5077	4634	4174	3942	3542	3097	2834	2600	2232	1947	1935	1617	1546	1432	1241	1214	1072	855	861	724	683	577	528	513	479	414	393	332	298	232	242	228	199	208	165	161	136	110	83	78	63	71	63	65	63	87	82	91	91	111	139	169	166	177	181	186	231	334	202	252	287	347	434	533	211	405	19304
	3	4	5	6	7	8	9	10	11	12	13	14	15	16
NS.1223.004.NEBNext_dual_i7_B6---NEBNext_dual_i5_B6.24_32_dHIP_R1 - Second read: Adapter 2	882599	243373	117757	79320	71317	64258	60902	57778	52043	47468	42638	38263	27	2
	3	4	5	6	7	8	9	10	11	12	13	14	15	16	17	18	19	20	21	22	23	24	25	26	27	28	29	30	31	32	33	34	35	36	37	38	39	40	41	42	43	44	45	46	47	48	49	50	51	52	53	54	55	56	57	58	59	60	61	62	63	64	65	66	67	68	69	70	71	72	73	74	75	76	77	78	79	80	81	82	83	84	85	86	87	88	89	90	91	92	93	94	95	96	97	98	99	100	101
NS.1223.004.NEBNext_dual_i7_B7---NEBNext_dual_i5_B7.07_09_ACC_R1 - First read: Adapter 1	957575	267140	132817	91599	81350	73662	69698	65817	59577	54865	50930	47146	43038	39636	35855	32449	29399	26611	23646	21577	19810	18289	16668	14976	13831	12278	10989	9680	8463	7516	7073	6277	5703	5289	4763	4211	3965	3425	3245	2639	2359	2208	2007	1777	1716	1548	1445	1269	1223	980	844	763	657	579	540	499	553	503	426	360	326	253	270	223	253	232	224	228	179	171	162	135	120	118	139	138	143	163	166	186	203	241	251	266	285	339	357	312	437	628	334	400	519	594	850	1018	344	370	16198
	3	4	5	6	7	8	9	10	11	12	13	14	15	16	17
NS.1223.004.NEBNext_dual_i7_B7---NEBNext_dual_i5_B7.07_09_ACC_R1 - Second read: Adapter 2	957756	267145	132817	91599	81352	73662	69698	65818	59577	54865	48801	44104	34	1	1
	3	4	5	6	7	8	9	10	11	12	13	14	15	16	17	18	19	20	21	22	23	24	25	26	27	28	29	30	31	32	33	34	35	36	37	38	39	40	41	42	43	44	45	46	47	48	49	50	51	52	53	54	55	56	57	58	59	60	61	62	63	64	65	66	67	68	69	70	71	72	73	74	75	76	77	78	79	80	81	82	83	84	85	86	87	88	89	90	91	92	93	94	95	96	97	98	99	100	101
NS.1223.004.NEBNext_dual_i7_B8---NEBNext_dual_i5_B8.05_13_vHIP_R1 - First read: Adapter 1	1244984	350893	174713	120640	107079	97322	91344	86324	78585	72008	66183	60781	56097	51831	46589	41850	38287	33924	31066	28413	25873	23162	21433	19206	17634	15714	13703	12167	10848	9892	8774	8112	7245	6657	5993	5389	4885	4534	3859	3518	3096	2694	2426	2242	2064	1866	1766	1481	1363	1218	1088	969	874	777	690	707	653	632	496	410	368	371	351	330	279	259	314	278	241	235	218	192	204	175	225	211	210	248	254	305	321	351	393	410	448	572	553	568	648	997	497	660	791	839	1202	1387	446	475	19723
	3	4	5	6	7	8	9	10	11	12	13	14	15	16	17	20
NS.1223.004.NEBNext_dual_i7_B8---NEBNext_dual_i5_B8.05_13_vHIP_R1 - Second read: Adapter 2	1245186	350894	174715	120639	107079	97322	91344	86324	78585	72008	62995	56365	40	3	2	1
	3	4	5	6	7	8	9	10	11	12	13	14	15	16	17	18	19	20	21	22	23	24	25	26	27	28	29	30	31	32	33	34	35	36	37	38	39	40	41	42	43	44	45	46	47	48	49	50	51	52	53	54	55	56	57	58	59	60	61	62	63	64	65	66	67	68	69	70	71	72	73	74	75	76	77	78	79	80	81	82	83	84	85	86	87	88	89	90	91	92	93	94	95	96	97	98	99	100	101
NS.1223.004.NEBNext_dual_i7_B9---NEBNext_dual_i5_B9.01_09_dHIP_R1 - First read: Adapter 1	1099994	308984	152592	104275	92843	84907	80165	75988	68554	62606	58134	52978	49751	44875	40745	36966	33550	29956	27293	24746	22643	20890	19402	17282	15576	14194	12680	11107	9930	8859	8065	7360	6759	6113	5479	5064	4647	4103	3700	3237	2957	2625	2370	2142	1937	1803	1649	1577	1385	1264	1134	974	862	793	751	664	727	567	514	463	386	352	313	326	272	238	258	238	218	161	130	105	80	69	94	87	109	122	99	112	139	139	183	173	177	227	214	222	265	426	240	281	300	364	570	660	260	389	17233
	3	4	5	6	7	8	9	10	11	12	13	14	15
NS.1223.004.NEBNext_dual_i7_B9---NEBNext_dual_i5_B9.01_09_dHIP_R1 - Second read: Adapter 2	1104288	308988	152592	104277	92843	84907	80165	75989	68554	62606	56056	49871	34
	3	4	5	6	7	8	9	10	11	12	13	14	15	16	17	18	19	20	21	22	23	24	25	26	27	28	29	30	31	32	33	34	35	36	37	38	39	40	41	42	43	44	45	46	47	48	49	50	51	52	53	54	55	56	57	58	59	60	61	62	63	64	65	66	67	68	69	70	71	72	73	74	75	76	77	78	79	80	81	82	83	84	85	86	87	88	89	90	91	92	93	94	95	96	97	98	99	100	101
NS.1223.004.NEBNext_dual_i7_C1---NEBNext_dual_i5_C1.16_38_dHIP_R1 - First read: Adapter 1	726194	196208	91848	59906	54262	49059	45520	42270	38301	34922	32222	29942	27384	25180	22747	20405	18629	16472	14920	13575	12219	11172	10061	8970	8192	7199	6461	5807	5120	4660	4239	3747	3392	3204	2838	2544	2253	2067	1779	1548	1432	1326	1170	1152	939	912	826	741	668	589	523	443	395	360	355	379	294	306	255	236	188	173	124	129	155	144	170	119	113	104	85	75	62	76	76	80	86	88	75	83	101	97	123	146	146	188	180	159	193	302	158	200	287	255	383	435	150	252	8146
	3	4	5	6	7	8	9	10	11	12	13	14	15	16
NS.1223.004.NEBNext_dual_i7_C1---NEBNext_dual_i5_C1.16_38_dHIP_R1 - Second read: Adapter 2	726296	196214	91848	59905	54262	49059	45520	42270	38301	34922	32174	29252	7	3
	3	4	5	6	7	8	9	10	11	12	13	14	15	16	17	18	19	20	21	22	23	24	25	26	27	28	29	30	31	32	33	34	35	36	37	38	39	40	41	42	43	44	45	46	47	48	49	50	51	52	53	54	55	56	57	58	59	60	61	62	63	64	65	66	67	68	69	70	71	72	73	74	75	76	77	78	79	80	81	82	83	84	85	86	87	88	89	90	91	92	93	94	95	96	97	98	99	100	101
NS.1223.004.NEBNext_dual_i7_C2---NEBNext_dual_i5_C2.03_13_ACC_R1 - First read: Adapter 1	633093	178721	88933	61956	56293	50805	47913	45112	40737	37622	34879	31556	29052	26611	24334	21947	19996	17840	15967	14737	13311	12393	11177	9991	9069	8202	7244	6538	5778	5240	4722	4384	3816	3439	3214	2956	2717	2340	2161	1914	1673	1508	1376	1094	1075	1046	943	874	765	701	610	563	459	453	405	354	387	295	272	266	216	183	175	151	159	156	152	108	88	107	93	63	56	52	58	44	53	71	72	68	76	76	104	126	105	129	137	131	175	225	134	156	211	221	290	367	142	244	10270
	3	4	5	6	7	8	9	10	11	12	13	14	15	17
NS.1223.004.NEBNext_dual_i7_C2---NEBNext_dual_i5_C2.03_13_ACC_R1 - Second read: Adapter 2	633180	178721	88933	61956	56293	50805	47913	45112	40737	37622	34708	30755	12	1
	3	4	5	6	7	8	9	10	11	12	13	14	15	16	17	18	19	20	21	22	23	24	25	26	27	28	29	30	31	32	33	34	35	36	37	38	39	40	41	42	43	44	45	46	47	48	49	50	51	52	53	54	55	56	57	58	59	60	61	62	63	64	65	66	67	68	69	70	71	72	73	74	75	76	77	78	79	80	81	82	83	84	85	86	87	88	89	90	91	92	93	94	95	96	97	98	99	100	101
NS.1223.004.NEBNext_dual_i7_C3---NEBNext_dual_i5_C3.07_26_vHIP_R1 - First read: Adapter 1	989790	284800	144550	100728	89949	81936	77350	72909	65995	60750	56198	50701	47687	43661	39088	35240	31809	28579	26039	23263	21537	19698	17757	15815	14799	13244	11690	10214	9167	8057	7323	6734	6025	5593	4967	4394	4134	3559	3214	2905	2498	2226	2056	1815	1750	1603	1394	1312	1158	1024	890	792	693	644	556	569	519	496	452	329	337	302	285	240	212	232	206	226	167	166	162	118	117	102	130	142	146	158	171	182	185	173	212	256	260	320	308	330	330	541	254	376	398	456	668	742	242	315	12138
	3	4	5	6	7	8	9	10	11	12	13	14	15	16	17
NS.1223.004.NEBNext_dual_i7_C3---NEBNext_dual_i5_C3.07_26_vHIP_R1 - Second read: Adapter 2	994445	284834	144552	100728	89949	81936	77350	72909	65995	60750	53943	47557	57	2	1
	3	4	5	6	7	8	9	10	11	12	13	14	15	16	17	18	19	20	21	22	23	24	25	26	27	28	29	30	31	32	33	34	35	36	37	38	39	40	41	42	43	44	45	46	47	48	49	50	51	52	53	54	55	56	57	58	59	60	61	62	63	64	65	66	67	68	69	70	71	72	73	74	75	76	77	78	79	80	81	82	83	84	85	86	87	88	89	90	91	92	93	94	95	96	97	98	99	100	101
NS.1223.004.NEBNext_dual_i7_C4---NEBNext_dual_i5_C4.23_38_dHIP_R1 - First read: Adapter 1	638442	178004	87963	60499	53634	49232	46112	43999	39505	36575	33388	30897	28588	25787	23581	21321	19383	17297	15635	14331	13037	12114	10917	10164	9089	8059	7208	6279	5748	5031	4773	4214	3702	3594	3100	2873	2602	2393	2138	1937	1616	1465	1339	1230	1150	1073	958	832	751	637	645	537	478	414	408	369	359	359	286	239	225	214	184	154	165	159	142	129	125	90	81	85	67	60	59	66	70	69	65	75	88	111	99	113	105	152	122	166	187	303	138	190	223	235	324	384	143	290	11808
	3	4	5	6	7	8	9	10	11	12	13	14	15	16
NS.1223.004.NEBNext_dual_i7_C4---NEBNext_dual_i5_C4.23_38_dHIP_R1 - Second read: Adapter 2	638546	178005	87964	60499	53634	49232	46112	43999	39505	36575	31742	28798	24	1
	3	4	5	6	7	8	9	10	11	12	13	14	15	16	17	18	19	20	21	22	23	24	25	26	27	28	29	30	31	32	33	34	35	36	37	38	39	40	41	42	43	44	45	46	47	48	49	50	51	52	53	54	55	56	57	58	59	60	61	62	63	64	65	66	67	68	69	70	71	72	73	74	75	76	77	78	79	80	81	82	83	84	85	86	87	88	89	90	91	92	93	94	95	96	97	98	99	100	101
NS.1223.004.NEBNext_dual_i7_C5---NEBNext_dual_i5_C5.19_26_ACC_R1 - First read: Adapter 1	763139	216580	108516	75314	67184	61406	57227	54169	49968	45644	41863	38397	35352	32498	29257	26583	23945	21762	19546	17769	16325	15150	13511	12392	11186	10101	8865	7867	7192	6448	5805	5194	4879	4346	4070	3516	3252	2897	2535	2397	2010	1857	1743	1587	1453	1193	1175	1076	1016	885	734	698	667	525	499	527	476	490	396	310	303	269	247	240	245	207	228	184	171	168	143	107	127	111	91	139	135	159	144	143	166	187	210	260	251	283	285	272	412	533	303	361	424	500	639	790	268	370	15080
	3	4	5	6	7	8	9	10	11	12	13	14	15	16
NS.1223.004.NEBNext_dual_i7_C5---NEBNext_dual_i5_C5.19_26_ACC_R1 - Second read: Adapter 2	763291	216586	108519	75314	67184	61406	57227	54169	49968	45644	39915	35663	39	3
	3	4	5	6	7	8	9	10	11	12	13	14	15	16	17	18	19	20	21	22	23	24	25	26	27	28	29	30	31	32	33	34	35	36	37	38	39	40	41	42	43	44	45	46	47	48	49	50	51	52	53	54	55	56	57	58	59	60	61	62	63	64	65	66	67	68	69	70	71	72	73	74	75	76	77	78	79	80	81	82	83	84	85	86	87	88	89	90	91	92	93	94	95	96	97	98	99	100	101
NS.1223.004.NEBNext_dual_i7_C6---NEBNext_dual_i5_C6.24_32_vHIP_R1 - First read: Adapter 1	584877	166990	82654	57360	51536	46956	43483	40991	36838	33808	31385	28855	26658	24615	21935	19648	17848	16048	14300	13105	11783	11099	9885	9111	8134	7312	6614	5791	5247	4543	4149	3651	3336	3246	2845	2672	2283	2002	1805	1562	1386	1306	1204	1105	972	889	862	759	686	558	594	499	418	393	365	343	328	301	278	212	221	193	172	138	164	150	171	159	144	120	118	97	89	109	77	133	147	120	172	128	161	184	210	203	233	296	290	268	386	520	259	353	388	514	694	810	260	175	8811
	3	4	5	6	7	8	9	10	11	12	13	14	15
NS.1223.004.NEBNext_dual_i7_C6---NEBNext_dual_i5_C6.24_32_vHIP_R1 - Second read: Adapter 2	584985	166991	82654	57360	51536	46956	43483	40991	36838	33808	31336	28157	14
	3	4	5	6	7	8	9	10	11	12	13	14	15	16	17	18	19	20	21	22	23	24	25	26	27	28	29	30	31	32	33	34	35	36	37	38	39	40	41	42	43	44	45	46	47	48	49	50	51	52	53	54	55	56	57	58	59	60	61	62	63	64	65	66	67	68	69	70	71	72	73	74	75	76	77	78	79	80	81	82	83	84	85	86	87	88	89	90	91	92	93	94	95	96	97	98	99	100	101
NS.1223.004.NEBNext_dual_i7_C7---NEBNext_dual_i5_C7.07_09_dHIP_R1 - First read: Adapter 1	940722	249329	112822	71900	64687	58440	54483	51229	46422	42167	39543	35846	33074	30453	27374	24784	22100	20055	18157	16424	15362	13958	12595	11668	10111	9449	8166	7232	6487	5895	5468	4858	4442	3831	3702	3394	2973	2766	2426	2164	1888	1660	1509	1457	1317	1225	1136	1056	937	831	708	701	555	507	453	413	478	406	373	286	254	224	216	193	178	177	174	167	119	140	127	94	105	77	94	96	73	108	94	115	112	142	146	165	187	209	175	214	261	348	191	267	317	341	479	586	211	349	18320
	3	4	5	6	7	8	9	10	11	12	13	14	15	17
NS.1223.004.NEBNext_dual_i7_C7---NEBNext_dual_i5_C7.07_09_dHIP_R1 - Second read: Adapter 2	940861	249332	112823	71901	64687	58440	54483	51229	46422	42167	39478	35083	28	3
	3	4	5	6	7	8	9	10	11	12	13	14	15	16	17	18	19	20	21	22	23	24	25	26	27	28	29	30	31	32	33	34	35	36	37	38	39	40	41	42	43	44	45	46	47	48	49	50	51	52	53	54	55	56	57	58	59	60	61	62	63	64	65	66	67	68	69	70	71	72	73	74	75	76	77	78	79	80	81	82	83	84	85	86	87	88	89	90	91	92	93	94	95	96	97	98	99	100	101
NS.1223.004.NEBNext_dual_i7_C8---NEBNext_dual_i5_C8.06_38_ACC_R1 - First read: Adapter 1	612177	167489	79272	53553	47361	43268	40752	38204	34149	31556	29228	26411	24634	22179	20156	17953	16530	14451	13191	12004	10749	9965	9164	8396	7334	6691	5903	5175	4545	4077	3673	3355	3104	2832	2573	2292	2016	1912	1581	1481	1261	1161	1063	1021	853	787	771	693	582	533	440	388	344	378	289	273	290	216	243	194	170	157	158	140	157	144	129	99	111	100	94	102	71	67	63	101	105	96	98	101	130	145	169	164	179	238	194	175	269	395	212	299	273	354	497	555	193	186	8055
	3	4	5	6	7	8	9	10	11	12	13	14	15	16
NS.1223.004.NEBNext_dual_i7_C8---NEBNext_dual_i5_C8.06_38_ACC_R1 - Second read: Adapter 2	613493	168605	80337	53927	47363	43268	40752	38205	34149	31556	27818	24574	31	5
	3	4	5	6	7	8	9	10	11	12	13	14	15	16	17	18	19	20	21	22	23	24	25	26	27	28	29	30	31	32	33	34	35	36	37	38	39	40	41	42	43	44	45	46	47	48	49	50	51	52	53	54	55	56	57	58	59	60	61	62	63	64	65	66	67	68	69	70	71	72	73	74	75	76	77	78	79	80	81	82	83	84	85	86	87	88	89	90	91	92	93	94	95	96	97	98	99	100	101
NS.1223.004.NEBNext_dual_i7_C9---NEBNext_dual_i5_C9.01_09_vHIP_R1 - First read: Adapter 1	608823	173386	86628	60231	53661	49142	46018	43567	39201	36261	33585	30385	28102	25675	23359	21228	19019	17074	15476	13932	12580	11637	10556	9574	8660	7999	6828	6261	5499	4970	4518	4105	3670	3339	2947	2762	2431	2143	1867	1751	1537	1347	1221	1158	1033	971	883	751	681	629	604	516	396	390	339	294	304	325	274	250	196	184	159	155	148	144	147	115	141	122	93	73	67	97	97	85	82	97	98	98	136	159	157	172	178	203	202	200	253	378	212	243	321	361	492	521	195	222	11220
	3	4	5	6	7	8	9	10	11	12	13	14	15	16	17
NS.1223.004.NEBNext_dual_i7_C9---NEBNext_dual_i5_C9.01_09_vHIP_R1 - Second read: Adapter 2	608940	173391	86628	60231	53661	49142	46018	43567	39201	36261	32225	28422	22	1	1
	3	4	5	6	7	8	9	10	11	12	13	14	15	16	17	18	19	20	21	22	23	24	25	26	27	28	29	30	31	32	33	34	35	36	37	38	39	40	41	42	43	44	45	46	47	48	49	50	51	52	53	54	55	56	57	58	59	60	61	62	63	64	65	66	67	68	69	70	71	72	73	74	75	76	77	78	79	80	81	82	83	84	85	86	87	88	89	90	91	92	93	94	95	96	97	98	99	100	101
NS.1223.004.NEBNext_dual_i7_D1---NEBNext_dual_i5_D1.16_38_vHIP_R1 - First read: Adapter 1	722755	199687	97958	67230	59389	53733	51047	48209	43743	40327	37272	34272	32277	29024	26073	24470	21912	19604	17864	16120	14886	13443	12467	11236	10348	9126	8249	7447	6822	5957	5357	4929	4383	4107	3649	3375	3058	2805	2446	2191	2006	1796	1588	1519	1380	1267	1264	1093	934	856	783	743	634	510	508	513	425	464	387	339	237	265	231	204	182	204	156	166	130	136	79	79	61	54	46	54	64	57	64	67	66	77	78	88	109	114	129	114	146	198	102	145	168	177	223	325	156	318	12928
	3	4	5	6	7	8	9	10	11	12	13	14	15	17	52
NS.1223.004.NEBNext_dual_i7_D1---NEBNext_dual_i5_D1.16_38_vHIP_R1 - Second read: Adapter 2	722864	199687	97958	67230	59389	53733	51047	48209	43743	40327	35777	32145	15	1	1
	3	4	5	6	7	8	9	10	11	12	13	14	15	16	17	18	19	20	21	22	23	24	25	26	27	28	29	30	31	32	33	34	35	36	37	38	39	40	41	42	43	44	45	46	47	48	49	50	51	52	53	54	55	56	57	58	59	60	61	62	63	64	65	66	67	68	69	70	71	72	73	74	75	76	77	78	79	80	81	82	83	84	85	86	87	88	89	90	91	92	93	94	95	96	97	98	99	100	101
NS.1223.004.NEBNext_dual_i7_D2---NEBNext_dual_i5_D2.03_13_dHIP_R1 - First read: Adapter 1	1140101	325941	166970	116886	106186	96357	90532	86347	76741	70789	65824	60863	56110	51102	46438	42023	37527	33905	30715	27919	25444	23293	21166	19487	17476	15893	13626	12259	11162	9772	9034	8065	7315	6626	6011	5560	4935	4377	3875	3599	3144	2846	2574	2257	2163	1951	1794	1570	1403	1328	1087	1088	858	785	740	731	627	634	543	500	382	332	334	308	297	257	279	235	199	190	154	108	109	141	111	118	114	122	104	147	154	151	155	200	225	234	254	263	316	488	276	317	390	418	572	648	208	348	12719
	3	4	5	6	7	8	9	10	11	12	13	14	15	16
NS.1223.004.NEBNext_dual_i7_D2---NEBNext_dual_i5_D2.03_13_dHIP_R1 - Second read: Adapter 2	1140334	325944	166970	116887	106186	96357	90532	86347	76741	70789	65730	59384	25	2
	3	4	5	6	7	8	9	10	11	12	13	14	15	16	17	18	19	20	21	22	23	24	25	26	27	28	29	30	31	32	33	34	35	36	37	38	39	40	41	42	43	44	45	46	47	48	49	50	51	52	53	54	55	56	57	58	59	60	61	62	63	64	65	66	67	68	69	70	71	72	73	74	75	76	77	78	79	80	81	82	83	84	85	86	87	88	89	90	91	92	93	94	95	96	97	98	99	100	101
NS.1223.004.NEBNext_dual_i7_D3---NEBNext_dual_i5_D3.14_35_ACC_R1 - First read: Adapter 1	667877	184192	88271	59640	52823	48655	45354	43305	38861	36042	33019	30335	27978	25373	22712	20697	18722	16854	15165	13833	12389	11449	10539	9310	8518	7725	6706	5991	5341	4738	4266	3941	3766	3249	2992	2682	2408	2147	1987	1826	1553	1366	1165	1098	970	951	887	773	688	698	550	480	418	381	365	357	310	293	265	217	185	185	143	134	151	129	150	113	102	107	79	77	57	82	55	74	95	65	81	80	99	103	126	108	127	162	165	169	169	271	135	206	272	256	341	419	177	224	10154
	3	4	5	6	7	8	9	10	11	12	13	14	15	17
NS.1223.004.NEBNext_dual_i7_D3---NEBNext_dual_i5_D3.14_35_ACC_R1 - Second read: Adapter 2	667974	184196	88272	59640	52823	48655	45354	43305	38861	36042	31563	28357	21	1
	3	4	5	6	7	8	9	10	11	12	13	14	15	16	17	18	19	20	21	22	23	24	25	26	27	28	29	30	31	32	33	34	35	36	37	38	39	40	41	42	43	44	45	46	47	48	49	50	51	52	53	54	55	56	57	58	59	60	61	62	63	64	65	66	67	68	69	70	71	72	73	74	75	76	77	78	79	80	81	82	83	84	85	86	87	88	89	90	91	92	93	94	95	96	97	98	99	100	101
NS.1223.004.NEBNext_dual_i7_D4---NEBNext_dual_i5_D4.23_38_vHIP_R1 - First read: Adapter 1	554659	150395	70756	46052	41683	37793	34997	33124	29803	27313	25207	22982	21544	19328	17689	15793	14333	12953	11631	10592	9761	8769	8382	7426	6759	5926	5367	4776	4215	3800	3536	3055	2879	2559	2379	2154	1944	1722	1534	1337	1244	1198	1068	927	889	792	718	637	601	525	462	408	392	344	334	297	298	263	216	177	193	160	149	128	123	118	130	76	87	113	51	54	59	56	71	60	62	83	67	77	71	81	107	106	119	150	157	127	192	239	143	161	228	239	355	390	130	228	8414
	3	4	5	6	7	8	9	10	11	12	13	14	15
NS.1223.004.NEBNext_dual_i7_D4---NEBNext_dual_i5_D4.23_38_vHIP_R1 - Second read: Adapter 2	554757	150399	70757	46052	41683	37793	34997	33124	29803	27313	25170	22463	17
	3	4	5	6	7	8	9	10	11	12	13	14	15	16	17	18	19	20	21	22	23	24	25	26	27	28	29	30	31	32	33	34	35	36	37	38	39	40	41	42	43	44	45	46	47	48	49	50	51	52	53	54	55	56	57	58	59	60	61	62	63	64	65	66	67	68	69	70	71	72	73	74	75	76	77	78	79	80	81	82	83	84	85	86	87	88	89	90	91	92	93	94	95	96	97	98	99	100	101
NS.1223.004.NEBNext_dual_i7_D5---NEBNext_dual_i5_D5.19_26_dHIP_R1 - First read: Adapter 1	548565	156061	78845	55148	49130	44811	42344	40192	37129	33820	30987	28746	26720	24489	22314	20033	18917	16679	15125	13774	12447	11848	10628	9746	8843	7957	7044	6403	5765	5214	4700	4263	3958	3616	3323	2994	2721	2529	2175	2000	1777	1614	1390	1305	1280	1136	1071	946	868	792	675	569	542	492	444	410	423	399	349	271	268	200	201	164	199	169	152	121	110	119	92	59	66	66	55	66	47	56	78	51	67	77	91	79	101	106	110	90	132	227	112	134	181	168	248	282	120	282	12556
	3	4	5	6	7	8	9	10	11	12	13	14	15
NS.1223.004.NEBNext_dual_i7_D5---NEBNext_dual_i5_D5.19_26_dHIP_R1 - Second read: Adapter 2	548680	156067	78849	55148	49130	44811	42344	40192	37129	33820	29361	26632	15
	3	4	5	6	7	8	9	10	11	12	13	14	15	16	17	18	19	20	21	22	23	24	25	26	27	28	29	30	31	32	33	34	35	36	37	38	39	40	41	42	43	44	45	46	47	48	49	50	51	52	53	54	55	56	57	58	59	60	61	62	63	64	65	66	67	68	69	70	71	72	73	74	75	76	77	78	79	80	81	82	83	84	85	86	87	88	89	90	91	92	93	94	95	96	97	98	99	100	101
NS.1223.004.NEBNext_dual_i7_D6---NEBNext_dual_i5_D6.21_38_ACC_R1 - First read: Adapter 1	891703	235308	106874	68614	61240	55852	52180	48765	44072	40466	37477	33884	31261	28825	25943	23186	21045	18650	16803	15562	14153	13129	11859	10777	9688	8616	7542	6802	6052	5479	4944	4549	3973	3667	3396	2895	2773	2451	2142	1957	1822	1584	1489	1291	1211	1083	985	927	847	737	619	528	502	475	428	453	377	358	348	290	225	243	186	165	167	195	160	172	156	123	108	99	85	100	98	119	107	110	106	149	135	174	196	216	179	236	238	253	308	455	215	296	328	369	540	619	213	266	11816
	3	4	5	6	7	8	9	10	11	12	13	14	15
NS.1223.004.NEBNext_dual_i7_D6---NEBNext_dual_i5_D6.21_38_ACC_R1 - Second read: Adapter 2	891856	235309	106875	68614	61240	55852	52180	48765	44072	40466	37227	32962	15
	3	4	5	6	7	8	9	10	11	12	13	14	15	16	17	18	19	20	21	22	23	24	25	26	27	28	29	30	31	32	33	34	35	36	37	38	39	40	41	42	43	44	45	46	47	48	49	50	51	52	53	54	55	56	57	58	59	60	61	62	63	64	65	66	67	68	69	70	71	72	73	74	75	76	77	78	79	80	81	82	83	84	85	86	87	88	89	90	91	92	93	94	95	96	97	98	99	100	101
NS.1223.004.NEBNext_dual_i7_D7---NEBNext_dual_i5_D7.07_09_vHIP_R1 - First read: Adapter 1	599535	167819	84276	58352	51613	47373	44468	41862	37839	34901	32642	29617	27424	25267	22970	20799	18478	16743	15237	14140	12661	11559	10656	9900	8779	7953	6915	6305	5722	5114	4704	4222	3679	3450	3326	2887	2574	2322	2103	1767	1751	1573	1419	1285	1146	1077	934	879	820	748	582	524	494	451	412	390	393	364	321	217	235	203	198	163	173	179	145	134	105	100	89	66	59	54	57	62	54	65	65	76	77	99	99	98	106	137	139	149	144	270	114	189	218	220	292	368	153	345	15606
	3	4	5	6	7	8	9	10	11	12	13	14	15	16
NS.1223.004.NEBNext_dual_i7_D7---NEBNext_dual_i5_D7.07_09_vHIP_R1 - Second read: Adapter 2	599628	167820	84278	58353	51613	47373	44468	41862	37839	34901	31114	27635	26	4
	3	4	5	6	7	8	9	10	11	12	13	14	15	16	17	18	19	20	21	22	23	24	25	26	27	28	29	30	31	32	33	34	35	36	37	38	39	40	41	42	43	44	45	46	47	48	49	50	51	52	53	54	55	56	57	58	59	60	61	62	63	64	65	66	67	68	69	70	71	72	73	74	75	76	77	78	79	80	81	82	83	84	85	86	87	88	89	90	91	92	93	94	95	96	97	98	99	100	101
NS.1223.004.NEBNext_dual_i7_D8---NEBNext_dual_i5_D8.06_38_dHIP_R1 - First read: Adapter 1	788540	216687	106317	71417	63674	58076	55128	51510	46723	42603	38996	36006	33546	30666	27361	24978	22441	20229	18407	16656	15065	13773	12684	11376	10308	9166	8057	7365	6516	5715	5248	4606	4271	3876	3499	3144	2886	2559	2246	2021	1790	1624	1368	1274	1184	1121	1042	877	813	802	663	599	531	488	406	409	395	364	321	267	223	212	198	201	181	202	190	129	138	145	81	96	73	93	86	87	102	97	120	135	127	149	142	187	180	236	217	200	266	373	197	323	314	352	556	628	221	239	10043
	3	4	5	6	7	8	9	10	11	12	13	14	15	16	17
NS.1223.004.NEBNext_dual_i7_D8---NEBNext_dual_i5_D8.06_38_dHIP_R1 - Second read: Adapter 2	790943	218690	106331	71417	63674	58076	55128	51510	46723	42603	37539	33935	23	1	1
	3	4	5	6	7	8	9	10	11	12	13	14	15	16	17	18	19	20	21	22	23	24	25	26	27	28	29	30	31	32	33	34	35	36	37	38	39	40	41	42	43	44	45	46	47	48	49	50	51	52	53	54	55	56	57	58	59	60	61	62	63	64	65	66	67	68	69	70	71	72	73	74	75	76	77	78	79	80	81	82	83	84	85	86	87	88	89	90	91	92	93	94	95	96	97	98	99	100	101
NS.1223.004.NEBNext_dual_i7_D9---NEBNext_dual_i5_D9.03_15_ACC_R1 - First read: Adapter 1	537696	149324	73708	50325	45153	41004	38732	36388	32806	29957	27858	25624	23172	21549	19036	17291	15534	14249	12560	11326	10160	9538	8720	7796	7143	6349	5890	4880	4411	3945	3451	3147	2867	2539	2422	2126	1917	1726	1522	1243	1190	1106	961	822	834	758	710	625	523	491	434	352	344	330	270	271	274	206	187	169	179	127	133	146	126	132	107	117	98	112	89	63	80	71	72	83	74	109	88	102	135	127	169	165	168	228	192	216	293	407	184	270	331	368	534	626	218	175	6327
	3	4	5	6	7	8	9	10	11	12	13	14	15
NS.1223.004.NEBNext_dual_i7_D9---NEBNext_dual_i5_D9.03_15_ACC_R1 - Second read: Adapter 2	537787	149324	73709	50325	45153	41004	38732	36388	32806	29957	26849	24093	19
	3	4	5	6	7	8	9	10	11	12	13	14	15	16	17	18	19	20	21	22	23	24	25	26	27	28	29	30	31	32	33	34	35	36	37	38	39	40	41	42	43	44	45	46	47	48	49	50	51	52	53	54	55	56	57	58	59	60	61	62	63	64	65	66	67	68	69	70	71	72	73	74	75	76	77	78	79	80	81	82	83	84	85	86	87	88	89	90	91	92	93	94	95	96	97	98	99	100	101
NS.1223.004.NEBNext_dual_i7_E1---NEBNext_dual_i5_E1.27_32_ACC_R1 - First read: Adapter 1	613037	170879	83892	57517	51447	46609	43980	41332	37491	34530	31886	28547	26777	24263	22018	20099	18052	16308	14782	13227	12021	11012	10027	9108	8133	7349	6421	5708	5162	4583	4133	3754	3349	3107	2815	2466	2205	1978	1787	1625	1431	1247	1125	979	977	866	796	714	663	534	505	441	404	318	348	246	239	283	221	195	187	148	136	124	122	133	120	109	94	94	85	78	60	59	54	78	75	95	84	105	119	130	142	152	151	182	189	190	207	376	169	239	257	268	382	423	168	186	7365
	3	4	5	6	7	8	9	10	11	12	13	14	15	17
NS.1223.004.NEBNext_dual_i7_E1---NEBNext_dual_i5_E1.27_32_ACC_R1 - Second read: Adapter 2	615596	170880	83893	57518	51447	46609	43980	41332	37491	34530	29956	26030	16	1
	3	4	5	6	7	8	9	10	11	12	13	14	15	16	17	18	19	20	21	22	23	24	25	26	27	28	29	30	31	32	33	34	35	36	37	38	39	40	41	42	43	44	45	46	47	48	49	50	51	52	53	54	55	56	57	58	59	60	61	62	63	64	65	66	67	68	69	70	71	72	73	74	75	76	77	78	79	80	81	82	83	84	85	86	87	88	89	90	91	92	93	94	95	96	97	98	99	100	101
NS.1223.004.NEBNext_dual_i7_E2---NEBNext_dual_i5_E2.03_13_vHIP_R1 - First read: Adapter 1	777926	216141	105774	72344	65691	59754	55444	52517	47277	43441	40083	36822	34206	31185	28066	25264	22705	20064	18793	17003	15482	13937	12574	11390	10637	9221	8088	7335	6458	5872	5273	4830	4440	3941	3576	3315	2809	2521	2302	2110	1863	1653	1449	1349	1218	1167	1004	948	856	719	654	570	584	455	422	426	389	359	320	281	247	202	186	172	179	167	152	158	151	115	103	102	90	66	89	100	103	104	97	139	102	150	156	150	200	187	210	224	256	371	231	265	343	376	478	493	210	257	9996
	3	4	5	6	7	8	9	10	11	12	13	14	15	16	37
NS.1223.004.NEBNext_dual_i7_E2---NEBNext_dual_i5_E2.03_13_vHIP_R1 - Second read: Adapter 2	780165	216145	105775	72343	65691	59755	55444	52517	47277	43441	40024	35912	14	2	2
	3	4	5	6	7	8	9	10	11	12	13	14	15	16	17	18	19	20	21	22	23	24	25	26	27	28	29	30	31	32	33	34	35	36	37	38	39	40	41	42	43	44	45	46	47	48	49	50	51	52	53	54	55	56	57	58	59	60	61	62	63	64	65	66	67	68	69	70	71	72	73	74	75	76	77	78	79	80	81	82	83	84	85	86	87	88	89	90	91	92	93	94	95	96	97	98	99	100	101
NS.1223.004.NEBNext_dual_i7_E3---NEBNext_dual_i5_E3.14_35_dHIP_R1 - First read: Adapter 1	1199128	327388	155808	102150	90606	82852	77753	73415	66043	60017	55509	50590	46844	42665	38501	34959	31413	27923	25367	22681	20323	18861	17046	15415	13649	12546	10631	9633	8675	7594	6807	6046	5633	5128	4488	4124	3640	3258	2872	2571	2253	2064	1801	1580	1413	1323	1238	1074	1084	925	770	680	613	523	508	465	423	443	424	370	283	263	238	223	229	238	230	198	185	198	156	154	139	144	154	185	193	210	206	230	243	263	325	316	329	415	444	375	508	702	373	488	557	656	933	1061	334	380	13652
	3	4	5	6	7	8	9	10	11	12	13	14	15	16	17	26
NS.1223.004.NEBNext_dual_i7_E3---NEBNext_dual_i5_E3.14_35_dHIP_R1 - Second read: Adapter 2	1199292	327389	155810	102150	90606	82852	77753	73415	66043	60017	52662	46829	42	2	1	1
	3	4	5	6	7	8	9	10	11	12	13	14	15	16	17	18	19	20	21	22	23	24	25	26	27	28	29	30	31	32	33	34	35	36	37	38	39	40	41	42	43	44	45	46	47	48	49	50	51	52	53	54	55	56	57	58	59	60	61	62	63	64	65	66	67	68	69	70	71	72	73	74	75	76	77	78	79	80	81	82	83	84	85	86	87	88	89	90	91	92	93	94	95	96	97	98	99	100	101
NS.1223.004.NEBNext_dual_i7_E4---NEBNext_dual_i5_E4.04_09_ACC_R1 - First read: Adapter 1	730914	202239	99442	67509	60480	54776	51264	48758	44015	40361	37356	33633	30911	28538	25545	23159	20609	18719	16920	15123	13632	12598	11524	10335	9324	8195	7248	6478	5855	5318	4605	4188	3861	3387	3190	2854	2395	2295	1969	1588	1566	1336	1221	1104	1050	969	842	761	661	600	535	457	415	372	335	349	382	299	267	216	175	212	182	165	145	172	161	165	153	136	139	102	124	117	125	135	144	144	145	146	189	223	225	236	232	323	321	308	367	492	304	386	417	430	632	764	230	202	7376
	3	4	5	6	7	8	9	10	11	12	13	14	15	16	77
NS.1223.004.NEBNext_dual_i7_E4---NEBNext_dual_i5_E4.04_09_ACC_R1 - Second read: Adapter 2	731047	202240	99442	67509	60480	54776	51264	48758	44015	40361	35952	31485	39	2	2
	3	4	5	6	7	8	9	10	11	12	13	14	15	16	17	18	19	20	21	22	23	24	25	26	27	28	29	30	31	32	33	34	35	36	37	38	39	40	41	42	43	44	45	46	47	48	49	50	51	52	53	54	55	56	57	58	59	60	61	62	63	64	65	66	67	68	69	70	71	72	73	74	75	76	77	78	79	80	81	82	83	84	85	86	87	88	89	90	91	92	93	94	95	96	97	98	99	100	101
NS.1223.004.NEBNext_dual_i7_E5---NEBNext_dual_i5_E5.19_26_vHIP_R1 - First read: Adapter 1	728773	204952	100523	68539	61215	55638	51184	49501	45066	41380	37933	34870	32538	29444	27102	24294	22042	19709	17803	16419	14735	13799	12479	11205	10191	9051	8333	7425	6652	5855	5193	4813	4300	4029	3600	3345	2979	2624	2399	2183	2029	1700	1578	1374	1305	1181	1113	995	885	816	709	580	548	515	453	460	414	437	346	307	274	226	226	180	205	168	198	178	119	127	91	72	82	81	69	83	81	100	93	103	106	126	132	152	161	163	202	166	217	327	164	239	276	275	354	393	169	416	16835
	3	4	5	6	7	8	9	10	11	12	13	14	15
NS.1223.004.NEBNext_dual_i7_E5---NEBNext_dual_i5_E5.19_26_vHIP_R1 - Second read: Adapter 2	728886	204953	100523	68539	61215	55638	51184	49501	45066	41380	36298	32150	28
	3	4	5	6	7	8	9	10	11	12	13	14	15	16	17	18	19	20	21	22	23	24	25	26	27	28	29	30	31	32	33	34	35	36	37	38	39	40	41	42	43	44	45	46	47	48	49	50	51	52	53	54	55	56	57	58	59	60	61	62	63	64	65	66	67	68	69	70	71	72	73	74	75	76	77	78	79	80	81	82	83	84	85	86	87	88	89	90	91	92	93	94	95	96	97	98	99	100	101
NS.1223.004.NEBNext_dual_i7_E6---NEBNext_dual_i5_E6.21_38_dHIP_R1 - First read: Adapter 1	601926	164598	77312	51195	45238	41042	39105	36684	32862	30356	27687	25913	23688	21635	19518	17386	15781	14336	12998	11934	10665	9820	8969	8114	7331	6678	5729	5181	4475	4148	3671	3323	3000	2702	2532	2286	2059	1844	1581	1449	1307	1142	1106	957	887	802	753	620	587	512	431	380	392	328	304	294	312	263	219	197	163	157	154	118	133	114	114	118	91	85	64	55	62	56	71	68	75	60	68	77	106	103	112	112	153	169	168	191	208	264	134	199	232	242	342	437	171	196	9644
	3	4	5	6	7	8	9	10	11	12	13	14	15
NS.1223.004.NEBNext_dual_i7_E6---NEBNext_dual_i5_E6.21_38_dHIP_R1 - Second read: Adapter 2	602012	164603	77313	51195	45238	41043	39105	36684	32862	30356	26687	24372	17
	3	4	5	6	7	8	9	10	11	12	13	14	15	16	17	18	19	20	21	22	23	24	25	26	27	28	29	30	31	32	33	34	35	36	37	38	39	40	41	42	43	44	45	46	47	48	49	50	51	52	53	54	55	56	57	58	59	60	61	62	63	64	65	66	67	68	69	70	71	72	73	74	75	76	77	78	79	80	81	82	83	84	85	86	87	88	89	90	91	92	93	94	95	96	97	98	99	100	101
NS.1223.004.NEBNext_dual_i7_E7---NEBNext_dual_i5_E7.25_31_ACC_R1 - First read: Adapter 1	529245	139750	63026	40325	35599	32931	30770	28967	26199	23875	22297	20391	18797	16768	15327	13933	12487	11394	10203	9313	8452	7693	6964	6343	5778	5244	4568	4020	3605	3226	2925	2641	2439	2287	1972	1823	1542	1458	1241	1226	1076	948	831	748	730	617	582	551	498	435	366	375	316	282	263	239	253	219	160	163	154	118	117	123	93	113	84	83	87	59	61	44	46	30	37	55	41	46	59	62	70	79	69	57	88	107	101	103	122	185	101	129	126	180	230	302	117	190	8505
	3	4	5	6	7	8	9	10	11	12	13	14	15	16	17
NS.1223.004.NEBNext_dual_i7_E7---NEBNext_dual_i5_E7.25_31_ACC_R1 - Second read: Adapter 2	529314	139764	63030	40327	35599	32932	30770	28967	26199	23875	21379	19169	12	1	1
	3	4	5	6	7	8	9	10	11	12	13	14	15	16	17	18	19	20	21	22	23	24	25	26	27	28	29	30	31	32	33	34	35	36	37	38	39	40	41	42	43	44	45	46	47	48	49	50	51	52	53	54	55	56	57	58	59	60	61	62	63	64	65	66	67	68	69	70	71	72	73	74	75	76	77	78	79	80	81	82	83	84	85	86	87	88	89	90	91	92	93	94	95	96	97	98	99	100	101
NS.1223.004.NEBNext_dual_i7_E8---NEBNext_dual_i5_E8.06_38_vHIP_R1 - First read: Adapter 1	838978	229947	110226	73845	64709	58457	55508	52134	46969	43328	40244	36461	33783	30795	27729	24968	22277	20277	18168	16355	14968	13780	12391	11189	10357	9137	8066	7285	6279	5683	5183	4546	4193	3862	3402	3132	2874	2525	2209	1973	1724	1531	1426	1285	1118	1121	923	913	769	707	572	506	496	455	447	414	364	342	314	245	238	232	208	166	186	169	161	176	145	157	111	102	114	113	115	144	149	164	161	188	196	239	226	280	253	352	316	316	357	594	261	376	497	543	761	844	286	235	8264
	3	4	5	6	7	8	9	10	11	12	13	14	15	17	18	44
NS.1223.004.NEBNext_dual_i7_E8---NEBNext_dual_i5_E8.06_38_vHIP_R1 - Second read: Adapter 2	839110	229951	110227	73845	64710	58457	55508	52134	46968	43328	38713	34284	24	1	1	1
	3	4	5	6	7	8	9	10	11	12	13	14	15	16	17	18	19	20	21	22	23	24	25	26	27	28	29	30	31	32	33	34	35	36	37	38	39	40	41	42	43	44	45	46	47	48	49	50	51	52	53	54	55	56	57	58	59	60	61	62	63	64	65	66	67	68	69	70	71	72	73	74	75	76	77	78	79	80	81	82	83	84	85	86	87	88	89	90	91	92	93	94	95	96	97	98	99	100	101
NS.1223.004.NEBNext_dual_i7_E9---NEBNext_dual_i5_E9.03_15_dHIP_R1 - First read: Adapter 1	615656	172989	87137	60509	53964	48984	46511	44049	39753	36792	33645	30928	28665	26734	23977	21517	19647	17595	16078	14445	13543	12411	11190	10488	9384	8142	7433	6602	5926	5286	4739	4396	4053	3622	3209	2914	2695	2537	2165	2014	1814	1626	1509	1285	1190	1193	1121	945	824	738	697	620	563	468	448	426	399	375	359	281	248	233	222	184	204	203	179	141	124	100	94	86	45	51	49	54	55	53	69	59	62	74	88	122	97	125	141	120	126	188	125	146	173	203	254	319	129	422	22187
	3	4	5	6	7	8	9	10	11	12	13	14	15	17	19	20
NS.1223.004.NEBNext_dual_i7_E9---NEBNext_dual_i5_E9.03_15_dHIP_R1 - Second read: Adapter 2	615766	172991	87137	60508	53964	48984	46511	44049	39753	36792	32234	28867	21	3	1	2
	3	4	5	6	7	8	9	10	11	12	13	14	15	16	17	18	19	20	21	22	23	24	25	26	27	28	29	30	31	32	33	34	35	36	37	38	39	40	41	42	43	44	45	46	47	48	49	50	51	52	53	54	55	56	57	58	59	60	61	62	63	64	65	66	67	68	69	70	71	72	73	74	75	76	77	78	79	80	81	82	83	84	85	86	87	88	89	90	91	92	93	94	95	96	97	98	99	100	101
NS.1223.004.NEBNext_dual_i7_F1---NEBNext_dual_i5_F1.27_32_dHIP_R1 - First read: Adapter 1	569282	154969	72738	47843	42464	38481	36223	34372	30840	27969	25839	23853	22305	19934	18000	16126	14571	12784	11763	10791	9638	8633	8133	7301	6619	5850	5197	4469	4076	3677	3124	2930	2719	2299	2094	1914	1757	1581	1426	1167	1105	1001	906	806	702	678	593	522	515	460	381	370	276	291	256	237	228	220	177	143	192	124	147	97	111	117	111	114	95	98	81	74	82	73	81	85	108	118	111	99	127	166	150	153	210	214	218	179	259	377	172	308	295	334	470	452	164	143	5285
	3	4	5	6	7	8	9	10	11	12	13	14	15	16
NS.1223.004.NEBNext_dual_i7_F1---NEBNext_dual_i5_F1.27_32_dHIP_R1 - Second read: Adapter 2	569356	154971	72738	47843	42464	38481	36223	34372	30840	27969	24822	22421	12	1
	3	4	5	6	7	8	9	10	11	12	13	14	15	16	17	18	19	20	21	22	23	24	25	26	27	28	29	30	31	32	33	34	35	36	37	38	39	40	41	42	43	44	45	46	47	48	49	50	51	52	53	54	55	56	57	58	59	60	61	62	63	64	65	66	67	68	69	70	71	72	73	74	75	76	77	78	79	80	81	82	83	84	85	86	87	88	89	90	91	92	93	94	95	96	97	98	99	100	101
NS.1223.004.NEBNext_dual_i7_F2---NEBNext_dual_i5_F2.08_09_ACC_R1 - First read: Adapter 1	737665	203233	96996	65321	58437	53096	49847	47136	42991	39661	36362	33469	31130	28493	25114	23494	20761	19086	17284	15434	14376	13091	12049	10709	10000	8931	7760	7082	6232	5668	5101	4705	4276	3927	3515	3082	2874	2514	2269	2033	1852	1655	1484	1298	1282	1154	1065	980	794	755	645	584	524	478	442	408	446	339	291	290	212	193	170	169	151	141	173	132	114	94	77	66	65	58	46	51	68	72	50	66	76	77	117	96	100	117	124	107	145	194	116	133	174	160	259	307	128	303	12977
	3	4	5	6	7	8	9	10	11	12	13	14	15	17	18
NS.1223.004.NEBNext_dual_i7_F2---NEBNext_dual_i5_F2.08_09_ACC_R1 - Second read: Adapter 2	739626	204870	98463	65801	58445	53096	49847	47136	42991	39661	34704	31292	27	1	1
	3	4	5	6	7	8	9	10	11	12	13	14	15	16	17	18	19	20	21	22	23	24	25	26	27	28	29	30	31	32	33	34	35	36	37	38	39	40	41	42	43	44	45	46	47	48	49	50	51	52	53	54	55	56	57	58	59	60	61	62	63	64	65	66	67	68	69	70	71	72	73	74	75	76	77	78	79	80	81	82	83	84	85	86	87	88	89	90	91	92	93	94	95	96	97	98	99	100	101
NS.1223.004.NEBNext_dual_i7_F3---NEBNext_dual_i5_F3.14_35_vHIP_R1 - First read: Adapter 1	520818	145097	70449	47193	41999	38401	36136	34016	30826	28063	26109	23662	21892	19911	18113	16329	14611	13227	12048	10800	9630	8848	8056	7425	6587	5864	5293	4665	4100	3749	3263	2883	2653	2433	2169	2025	1801	1555	1344	1275	1109	944	904	843	696	667	605	572	504	429	353	325	286	264	243	241	217	210	184	169	134	114	103	125	115	124	95	95	83	93	82	58	57	94	65	78	82	97	74	114	132	134	183	132	171	199	168	184	205	348	170	206	265	295	425	493	161	180	6065
	3	4	5	6	7	8	9	10	11	12	13	14	15	17
NS.1223.004.NEBNext_dual_i7_F3---NEBNext_dual_i5_F3.14_35_vHIP_R1 - Second read: Adapter 2	523590	146023	71333	47365	42001	38401	36136	34016	30826	28063	24771	21969	23	1
	3	4	5	6	7	8	9	10	11	12	13	14	15	16	17	18	19	20	21	22	23	24	25	26	27	28	29	30	31	32	33	34	35	36	37	38	39	40	41	42	43	44	45	46	47	48	49	50	51	52	53	54	55	56	57	58	59	60	61	62	63	64	65	66	67	68	69	70	71	72	73	74	75	76	77	78	79	80	81	82	83	84	85	86	87	88	89	90	91	92	93	94	95	96	97	98	99	100	101
NS.1223.004.NEBNext_dual_i7_F4---NEBNext_dual_i5_F4.04_09_dHIP_R1 - First read: Adapter 1	443016	120748	57295	38222	33646	30413	28574	27271	24533	22337	20590	18767	17330	15820	14227	12899	11539	10379	9343	8504	7613	6907	6503	5679	5370	4484	4114	3701	3117	2820	2520	2236	2137	1888	1706	1497	1404	1223	1072	984	890	789	721	602	555	514	478	404	403	348	353	266	213	192	192	188	195	168	151	157	91	108	100	88	99	84	82	83	76	64	58	64	81	66	78	68	70	85	91	94	98	109	115	137	165	180	152	171	210	339	170	224	242	254	334	413	103	148	5686
	3	4	5	6	7	8	9	10	11	12	13	14	15	16	17
NS.1223.004.NEBNext_dual_i7_F4---NEBNext_dual_i5_F4.04_09_dHIP_R1 - Second read: Adapter 2	443094	120751	57295	38221	33646	30413	28574	27271	24533	22337	19551	17346	13	2	1
	3	4	5	6	7	8	9	10	11	12	13	14	15	16	17	18	19	20	21	22	23	24	25	26	27	28	29	30	31	32	33	34	35	36	37	38	39	40	41	42	43	44	45	46	47	48	49	50	51	52	53	54	55	56	57	58	59	60	61	62	63	64	65	66	67	68	69	70	71	72	73	74	75	76	77	78	79	80	81	82	83	84	85	86	87	88	89	90	91	92	93	94	95	96	97	98	99	100	101
NS.1223.004.NEBNext_dual_i7_F5---NEBNext_dual_i5_F5.13_09_ACC_R1 - First read: Adapter 1	727675	203363	100311	69721	62471	56673	53432	51047	46444	42488	39279	36672	33834	30832	28152	25422	23531	21030	19156	17692	16198	14551	13422	12291	11322	10111	8916	8213	7146	6628	6049	5373	4966	4469	4010	3781	3367	3094	2644	2491	2201	2078	1860	1696	1557	1397	1320	1251	1066	905	834	814	719	633	548	508	502	457	411	377	305	262	221	236	204	197	225	156	142	133	102	70	55	43	39	51	38	37	46	41	42	41	42	64	77	94	71	80	76	153	98	92	133	134	166	167	70	474	18716
	3	4	5	6	7	8	9	10	11	12	13	14	15	16	17
NS.1223.004.NEBNext_dual_i7_F5---NEBNext_dual_i5_F5.13_09_ACC_R1 - Second read: Adapter 2	727832	203364	100312	69724	62471	56673	53432	51047	46444	42488	37443	34194	28	2	1
	3	4	5	6	7	8	9	10	11	12	13	14	15	16	17	18	19	20	21	22	23	24	25	26	27	28	29	30	31	32	33	34	35	36	37	38	39	40	41	42	43	44	45	46	47	48	49	50	51	52	53	54	55	56	57	58	59	60	61	62	63	64	65	66	67	68	69	70	71	72	73	74	75	76	77	78	79	80	81	82	83	84	85	86	87	88	89	90	91	92	93	94	95	96	97	98	99	100	101
NS.1223.004.NEBNext_dual_i7_F6---NEBNext_dual_i5_F6.21_38_vHIP_R1 - First read: Adapter 1	703886	197310	98502	67853	60954	55121	42693	48968	44343	40497	37500	34433	32126	29114	26863	24094	21574	19782	17916	16348	14575	13707	12326	11269	10113	9201	8267	7296	6633	5824	5270	4793	4363	4057	3585	3400	3077	2711	2437	2110	2000	1652	1571	1403	1326	1234	1185	1022	918	840	746	644	580	506	511	447	420	393	332	342	238	214	221	186	197	179	173	153	147	102	105	68	73	59	55	61	69	89	60	69	86	77	108	115	123	147	124	132	161	216	149	150	192	211	308	307	155	311	17189
	3	4	5	6	7	8	9	10	11	12	13	14	15	16	17
NS.1223.004.NEBNext_dual_i7_F6---NEBNext_dual_i5_F6.21_38_vHIP_R1 - Second read: Adapter 2	707576	197315	98502	67853	60954	55121	42693	48968	44343	40497	35946	28261	26	2	1
	3	4	5	6	7	8	9	10	11	12	13	14	15	16	17	18	19	20	21	22	23	24	25	26	27	28	29	30	31	32	33	34	35	36	37	38	39	40	41	42	43	44	45	46	47	48	49	50	51	52	53	54	55	56	57	58	59	60	61	62	63	64	65	66	67	68	69	70	71	72	73	74	75	76	77	78	79	80	81	82	83	84	85	86	87	88	89	90	91	92	93	94	95	96	97	98	99	100	101
NS.1223.004.NEBNext_dual_i7_F7---NEBNext_dual_i5_F7.25_31_dHIP_R1 - First read: Adapter 1	725303	198023	94477	62746	55952	50709	47361	44924	40341	37170	34187	31601	28816	26229	23606	21599	19551	17476	15867	14302	12742	11905	10712	9821	8881	7671	6945	6126	5437	5010	4368	4007	3527	3276	2937	2663	2404	2151	1942	1709	1443	1337	1211	1132	993	895	873	788	695	617	517	453	450	364	378	396	291	282	263	236	173	171	153	141	143	128	163	119	100	122	88	104	81	88	97	89	106	108	90	109	104	142	161	189	185	249	223	217	277	365	225	250	287	352	458	514	196	358	14790
	3	4	5	6	7	8	9	10	11	12	13	14	15	17	20
NS.1223.004.NEBNext_dual_i7_F7---NEBNext_dual_i5_F7.25_31_dHIP_R1 - Second read: Adapter 2	725425	198023	94477	62746	55952	50709	47361	44924	40341	37170	32532	29366	19	3	1
	3	4	5	6	7	8	9	10	11	12	13	14	15	16	17	18	19	20	21	22	23	24	25	26	27	28	29	30	31	32	33	34	35	36	37	38	39	40	41	42	43	44	45	46	47	48	49	50	51	52	53	54	55	56	57	58	59	60	61	62	63	64	65	66	67	68	69	70	71	72	73	74	75	76	77	78	79	80	81	82	83	84	85	86	87	88	89	90	91	92	93	94	95	96	97	98	99	100	101
NS.1223.004.NEBNext_dual_i7_F8---NEBNext_dual_i5_F8.11_09_ACC_R1 - First read: Adapter 1	537896	146668	68418	45739	40088	36475	34248	32479	28974	26610	24607	22599	20726	18755	16868	14985	13635	12357	11044	10227	8835	8195	7640	6823	6145	5477	4830	4302	3851	3279	3066	2780	2364	2202	2027	1747	1592	1463	1225	1157	979	896	772	736	644	643	569	484	464	454	358	332	286	270	207	212	196	167	149	148	126	132	109	123	97	101	96	91	93	108	94	91	78	77	92	83	84	101	104	115	145	132	160	184	201	250	220	214	278	349	200	272	335	360	473	506	162	186	6432
	3	4	5	6	7	8	9	10	11	12	13	14	15	16	17
NS.1223.004.NEBNext_dual_i7_F8---NEBNext_dual_i5_F8.11_09_ACC_R1 - Second read: Adapter 2	537973	146670	68418	45739	40089	36475	34248	32479	28974	26610	23318	20932	20	1	2
	3	4	5	6	7	8	9	10	11	12	13	14	15	16	17	18	19	20	21	22	23	24	25	26	27	28	29	30	31	32	33	34	35	36	37	38	39	40	41	42	43	44	45	46	47	48	49	50	51	52	53	54	55	56	57	58	59	60	61	62	63	64	65	66	67	68	69	70	71	72	73	74	75	76	77	78	79	80	81	82	83	84	85	86	87	88	89	90	91	92	93	94	95	96	97	98	99	100	101
NS.1223.004.NEBNext_dual_i7_F9---NEBNext_dual_i5_F9.03_15_vHIP_R1 - First read: Adapter 1	1419874	385641	182742	120967	109081	99408	92365	86774	79303	72166	66495	61836	56557	52067	46836	42313	37994	34115	30914	28264	25474	23446	21364	19193	17714	15781	13972	12405	10957	9904	8854	8163	7296	6613	5993	5629	4883	4460	3924	3596	3174	2830	2498	2330	2205	2037	1824	1713	1497	1364	1150	1103	974	829	771	752	730	668	551	444	408	383	378	354	318	301	318	278	229	221	177	174	148	144	138	179	142	159	164	185	195	239	239	307	258	374	350	338	424	669	343	447	529	620	813	956	318	637	35378
	3	4	5	6	7	8	9	10	11	12	13	14	15	17	18	19
NS.1223.004.NEBNext_dual_i7_F9---NEBNext_dual_i5_F9.03_15_vHIP_R1 - Second read: Adapter 2	1420069	385660	182744	120967	109082	99408	92365	86774	79303	72166	66401	60340	28	1	1	1
	3	4	5	6	7	8	9	10	11	12	13	14	15	16	17	18	19	20	21	22	23	24	25	26	27	28	29	30	31	32	33	34	35	36	37	38	39	40	41	42	43	44	45	46	47	48	49	50	51	52	53	54	55	56	57	58	59	60	61	62	63	64	65	66	67	68	69	70	71	72	73	74	75	76	77	78	79	80	81	82	83	84	85	86	87	88	89	90	91	92	93	94	95	96	97	98	99	100	101
NS.1223.004.NEBNext_dual_i7_G1---NEBNext_dual_i5_G1.27_32_vHIP_R1 - First read: Adapter 1	609707	169559	83149	56014	50029	45010	42525	40128	36196	33000	30743	28129	25772	23492	21123	19040	17138	15496	13807	12478	11336	10501	9507	8635	7696	6791	5910	5260	4585	4018	3607	3377	2916	2638	2500	2169	1958	1865	1622	1256	1205	1072	981	877	776	766	695	621	546	465	433	375	334	309	279	240	249	238	183	178	147	149	169	117	131	124	122	129	127	119	117	126	111	134	108	150	140	159	119	191	176	221	236	274	299	345	338	305	360	553	309	376	392	475	607	702	206	139	5292
	3	4	5	6	7	8	9	10	11	12	13	14	15	17	19	21
NS.1223.004.NEBNext_dual_i7_G1---NEBNext_dual_i5_G1.27_32_vHIP_R1 - Second read: Adapter 2	609809	169567	83151	56015	50029	45010	42525	40128	36196	33000	29406	26281	11	1	1	1
	3	4	5	6	7	8	9	10	11	12	13	14	15	16	17	18	19	20	21	22	23	24	25	26	27	28	29	30	31	32	33	34	35	36	37	38	39	40	41	42	43	44	45	46	47	48	49	50	51	52	53	54	55	56	57	58	59	60	61	62	63	64	65	66	67	68	69	70	71	72	73	74	75	76	77	78	79	80	81	82	83	84	85	86	87	88	89	90	91	92	93	94	95	96	97	98	99	100	101
NS.1223.004.NEBNext_dual_i7_G2---NEBNext_dual_i5_G2.08_09_dHIP_R1 - First read: Adapter 1	505606	146436	75435	53316	47785	43270	40803	38695	34565	31843	29748	27095	25111	22863	20328	18374	16427	14982	13499	12340	11062	10198	9136	8276	7440	6589	5711	5282	4640	4068	3670	3414	2941	2728	2349	2142	1866	1664	1565	1344	1208	1110	924	866	794	754	651	663	541	482	402	356	327	302	257	272	242	205	188	176	156	146	138	143	123	127	135	114	113	116	110	121	98	99	120	134	151	133	148	171	211	195	225	244	266	342	305	337	369	571	302	398	450	441	628	677	184	155	4680
	3	4	5	6	7	8	9	10	11	12	13	14	15	16	18
NS.1223.004.NEBNext_dual_i7_G2---NEBNext_dual_i5_G2.08_09_dHIP_R1 - Second read: Adapter 2	505702	146438	75435	53316	47785	43270	40803	38695	34565	31843	28176	25093	18	1	1
	3	4	5	6	7	8	9	10	11	12	13	14	15	16	17	18	19	20	21	22	23	24	25	26	27	28	29	30	31	32	33	34	35	36	37	38	39	40	41	42	43	44	45	46	47	48	49	50	51	52	53	54	55	56	57	58	59	60	61	62	63	64	65	66	67	68	69	70	71	72	73	74	75	76	77	78	79	80	81	82	83	84	85	86	87	88	89	90	91	92	93	94	95	96	97	98	99	100	101
NS.1223.004.NEBNext_dual_i7_G3---NEBNext_dual_i5_G3.10_35_ACC_R1 - First read: Adapter 1	568868	158546	76168	50819	46416	41971	39060	36483	33220	30700	28137	25640	23620	21665	19343	17559	15832	14063	12680	11569	10275	9316	8485	7855	6925	6131	5340	4915	4385	3778	3456	3183	2735	2517	2268	2016	1796	1515	1397	1271	1130	957	893	772	767	670	672	615	485	433	395	316	288	254	259	272	276	241	199	194	176	147	162	126	147	131	165	143	103	143	114	140	124	116	151	146	175	187	193	192	220	224	254	292	308	381	325	358	349	635	375	442	514	533	684	803	215	147	5154
	3	4	5	6	7	8	9	10	11	12	13	14	15	16	17
NS.1223.004.NEBNext_dual_i7_G3---NEBNext_dual_i5_G3.10_35_ACC_R1 - Second read: Adapter 2	570060	159493	77041	51055	46416	41971	39060	36483	33220	30700	27976	24957	22	3	1
	3	4	5	6	7	8	9	10	11	12	13	14	15	16	17	18	19	20	21	22	23	24	25	26	27	28	29	30	31	32	33	34	35	36	37	38	39	40	41	42	43	44	45	46	47	48	49	50	51	52	53	54	55	56	57	58	59	60	61	62	63	64	65	66	67	68	69	70	71	72	73	74	75	76	77	78	79	80	81	82	83	84	85	86	87	88	89	90	91	92	93	94	95	96	97	98	99	100	101
NS.1223.004.NEBNext_dual_i7_G4---NEBNext_dual_i5_G4.04_09_vHIP_R1 - First read: Adapter 1	658125	177839	83868	55265	48400	43946	41318	38881	35326	32309	29385	26889	24555	22400	19893	17854	16227	14344	12855	11676	10497	9418	8692	7768	6965	6070	5358	4827	4105	3694	3344	2914	2718	2401	2103	1998	1754	1529	1404	1245	1140	974	875	807	727	655	601	534	539	401	344	338	334	278	270	279	215	213	204	192	154	159	115	151	139	127	177	138	125	128	133	133	145	141	164	196	181	206	237	240	280	291	322	339	402	464	435	433	521	813	418	522	675	681	949	1078	285	158	4475
	3	4	5	6	7	8	9	10	11	12	13	14	15	16
NS.1223.004.NEBNext_dual_i7_G4---NEBNext_dual_i5_G4.04_09_vHIP_R1 - Second read: Adapter 2	658194	177839	83868	55265	48400	43946	41318	38881	35326	32309	28063	25085	19	1
	3	4	5	6	7	8	9	10	11	12	13	14	15	16	17	18	19	20	21	22	23	24	25	26	27	28	29	30	31	32	33	34	35	36	37	38	39	40	41	42	43	44	45	46	47	48	49	50	51	52	53	54	55	56	57	58	59	60	61	62	63	64	65	66	67	68	69	70	71	72	73	74	75	76	77	78	79	80	81	82	83	84	85	86	87	88	89	90	91	92	93	94	95	96	97	98	99	100	101
NS.1223.004.NEBNext_dual_i7_G5---NEBNext_dual_i5_G5.13_09_dHIP_R1 - First read: Adapter 1	799450	213447	101985	66301	59715	53766	50009	47541	42852	38897	36387	32444	30085	27244	24697	22116	19610	17590	16239	14406	13151	12093	11110	9601	8614	7820	6791	6076	5520	4659	4260	3811	3564	3140	2771	2507	2244	2008	1785	1561	1455	1227	1176	1020	927	871	810	691	664	573	519	440	425	360	322	325	337	279	270	240	226	181	176	180	168	158	212	155	160	172	132	136	132	140	168	169	172	194	219	241	251	313	324	360	382	463	516	419	568	857	396	608	684	741	1012	1148	321	211	6925
	3	4	5	6	7	8	9	10	11	12	13	14	15
NS.1223.004.NEBNext_dual_i7_G5---NEBNext_dual_i5_G5.13_09_dHIP_R1 - Second read: Adapter 2	799541	213447	101985	66301	59715	53766	50009	47541	42852	38897	36333	31615	11
	3	4	5	6	7	8	9	10	11	12	13	14	15	16	17	18	19	20	21	22	23	24	25	26	27	28	29	30	31	32	33	34	35	36	37	38	39	40	41	42	43	44	45	46	47	48	49	50	51	52	53	54	55	56	57	58	59	60	61	62	63	64	65	66	67	68	69	70	71	72	73	74	75	76	77	78	79	80	81	82	83	84	85	86	87	88	89	90	91	92	93	94	95	96	97	98	99	100	101
NS.1223.004.NEBNext_dual_i7_G6---NEBNext_dual_i5_G6.01_15_ACC_R1 - First read: Adapter 1	486722	131345	62920	41998	37249	34253	31808	29826	27313	24847	22908	20708	18884	17239	15790	14520	12704	11547	10359	9608	8528	7724	6951	6356	5662	5133	4470	4087	3451	3245	2786	2478	2396	2140	1896	1724	1470	1398	1218	1118	908	833	807	709	669	556	531	509	402	394	365	303	264	254	205	223	229	209	164	175	136	105	115	115	90	106	120	100	101	98	80	79	60	84	79	81	75	87	87	111	110	123	142	159	169	197	197	175	205	392	196	225	290	283	389	451	159	170	7179
	3	4	5	6	7	8	9	10	11	12	13	14	15	16
NS.1223.004.NEBNext_dual_i7_G6---NEBNext_dual_i5_G6.01_15_ACC_R1 - Second read: Adapter 2	487702	132157	63720	42267	37253	34253	31808	29826	27313	24847	21828	19340	24	2
	3	4	5	6	7	8	9	10	11	12	13	14	15	16	17	18	19	20	21	22	23	24	25	26	27	28	29	30	31	32	33	34	35	36	37	38	39	40	41	42	43	44	45	46	47	48	49	50	51	52	53	54	55	56	57	58	59	60	61	62	63	64	65	66	67	68	69	70	71	72	73	74	75	76	77	78	79	80	81	82	83	84	85	86	87	88	89	90	91	92	93	94	95	96	97	98	99	100	101
NS.1223.004.NEBNext_dual_i7_G7---NEBNext_dual_i5_G7.25_31_vHIP_R1 - First read: Adapter 1	650564	179492	85734	57573	51424	46022	43522	41066	36595	33606	31098	28533	25831	24060	21244	19131	17200	15367	14299	12526	11522	10497	9509	8667	7647	6785	6091	5311	4826	4275	3998	3498	3065	2862	2607	2321	2097	1769	1587	1459	1279	1077	1031	913	846	755	749	680	573	514	485	357	323	324	270	284	259	243	246	198	188	161	155	144	161	131	137	125	110	117	127	107	104	103	121	126	124	151	135	166	184	204	222	226	253	285	299	292	330	510	271	360	378	457	597	677	185	223	8927
	3	4	5	6	7	8	9	10	11	12	13	14	15	16
NS.1223.004.NEBNext_dual_i7_G7---NEBNext_dual_i5_G7.25_31_vHIP_R1 - Second read: Adapter 2	650638	179494	85737	57573	51425	46022	43522	41066	36595	33606	29577	26476	22	2
	3	4	5	6	7	8	9	10	11	12	13	14	15	16	17	18	19	20	21	22	23	24	25	26	27	28	29	30	31	32	33	34	35	36	37	38	39	40	41	42	43	44	45	46	47	48	49	50	51	52	53	54	55	56	57	58	59	60	61	62	63	64	65	66	67	68	69	70	71	72	73	74	75	76	77	78	79	80	81	82	83	84	85	86	87	88	89	90	91	92	93	94	95	96	97	98	99	100	101
NS.1223.004.NEBNext_dual_i7_G8---NEBNext_dual_i5_G8.11_09_dHIP_R1 - First read: Adapter 1	584547	160334	74786	50025	44016	39850	37910	35608	32385	29203	27137	24796	22858	20853	18670	16648	15252	13418	12254	10802	9833	9141	8286	7372	6792	5968	5240	4691	4035	3601	3313	2958	2589	2456	2087	1998	1683	1561	1369	1216	1104	957	842	786	702	651	582	543	481	405	399	308	278	284	244	223	206	239	175	173	132	128	132	133	101	120	119	108	113	103	99	87	96	109	98	121	117	136	131	150	184	203	225	228	273	282	283	284	393	523	255	372	417	439	628	683	188	169	7525
	3	4	5	6	7	8	9	10	11	12	13	14	15	16
NS.1223.004.NEBNext_dual_i7_G8---NEBNext_dual_i5_G8.11_09_dHIP_R1 - Second read: Adapter 2	584612	160337	74791	50027	44017	39850	37910	35608	32385	29203	26000	23138	11	3
	3	4	5	6	7	8	9	10	11	12	13	14	15	16	17	18	19	20	21	22	23	24	25	26	27	28	29	30	31	32	33	34	35	36	37	38	39	40	41	42	43	44	45	46	47	48	49	50	51	52	53	54	55	56	57	58	59	60	61	62	63	64	65	66	67	68	69	70	71	72	73	74	75	76	77	78	79	80	81	82	83	84	85	86	87	88	89	90	91	92	93	94	95	96	97	98	99	100	101
NS.1223.004.NEBNext_dual_i7_G9---NEBNext_dual_i5_G9.03_32_ACC_R1 - First read: Adapter 1	569689	158662	77212	53078	47018	42597	40081	37667	34014	31190	28764	26176	23941	21718	19646	17851	15839	14200	12883	11737	10529	9507	8555	7754	6865	6278	5610	4795	4286	3683	3409	3193	2793	2487	2123	1992	1778	1586	1378	1237	1027	969	879	755	732	658	582	564	452	417	371	318	292	265	240	223	203	197	193	165	164	146	147	137	147	139	157	138	127	123	108	137	123	138	119	189	157	160	200	201	241	232	281	286	326	453	390	379	460	704	354	446	599	600	733	958	260	134	5901
	3	4	5	6	7	8	9	10	11	12	13	14	15	16
NS.1223.004.NEBNext_dual_i7_G9---NEBNext_dual_i5_G9.03_32_ACC_R1 - Second read: Adapter 2	569791	158668	77212	53079	47018	42597	40081	37667	34014	31190	27780	24601	19	1
	3	4	5	6	7	8	9	10	11	12	13	14	15	16	17	18	19	20	21	22	23	24	25	26	27	28	29	30	31	32	33	34	35	36	37	38	39	40	41	42	43	44	45	46	47	48	49	50	51	52	53	54	55	56	57	58	59	60	61	62	63	64	65	66	67	68	69	70	71	72	73	74	75	76	77	78	79	80	81	82	83	84	85	86	87	88	89	90	91	92	93	94	95	96	97	98	99	100	101
NS.1223.004.NEBNext_dual_i7_H1---NEBNext_dual_i5_H1.17_32_ACC_R1 - First read: Adapter 1	972672	260080	121116	80090	70094	63345	60007	57358	52270	47873	43911	40890	37867	33969	30866	28024	25374	22685	20632	18877	17241	16003	14683	13392	12100	10778	9412	8548	7735	6853	6315	5694	5118	4692	4378	3981	3573	3083	2796	2473	2467	2078	1816	1739	1570	1467	1363	1256	1127	993	835	746	662	588	527	584	539	477	390	308	319	292	271	246	209	192	192	181	157	135	120	89	113	71	84	95	88	84	77	76	105	122	108	137	153	209	203	184	230	337	167	208	254	308	430	484	176	351	15907
	3	4	5	6	7	8	9	10	11	12	13	14	15	16	17	19	41
NS.1223.004.NEBNext_dual_i7_H1---NEBNext_dual_i5_H1.17_32_ACC_R1 - Second read: Adapter 2	975289	262129	122940	80691	70109	63345	60007	57358	52270	47873	42041	38085	29	1	1	1	1
	3	4	5	6	7	8	9	10	11	12	13	14	15	16	17	18	19	20	21	22	23	24	25	26	27	28	29	30	31	32	33	34	35	36	37	38	39	40	41	42	43	44	45	46	47	48	49	50	51	52	53	54	55	56	57	58	59	60	61	62	63	64	65	66	67	68	69	70	71	72	73	74	75	76	77	78	79	80	81	82	83	84	85	86	87	88	89	90	91	92	93	94	95	96	97	98	99	100	101
NS.1223.004.NEBNext_dual_i7_H2---NEBNext_dual_i5_H2.08_09_vHIP_R1 - First read: Adapter 1	823657	221700	100975	65469	57972	52522	50259	47499	42817	39781	36480	33650	31163	28411	25692	23277	21014	19139	17357	15760	14482	13395	12247	11181	10089	9008	8153	7166	6603	5795	5317	4804	4329	3981	3668	3306	2930	2719	2464	2241	1897	1792	1664	1497	1319	1272	1173	1050	1012	890	728	652	576	545	547	513	429	386	343	297	268	255	215	190	207	170	193	165	127	107	106	66	76	74	59	45	66	65	69	79	90	97	93	111	94	134	160	126	149	223	112	173	164	180	307	274	120	415	18011
	3	4	5	6	7	8	9	10	11	12	13	14	15	17
NS.1223.004.NEBNext_dual_i7_H2---NEBNext_dual_i5_H2.08_09_vHIP_R1 - Second read: Adapter 2	828819	221716	100978	65469	57972	52522	50259	47499	42817	39781	34653	31081	20	1
	3	4	5	6	7	8	9	10	11	12	13	14	15	16	17	18	19	20	21	22	23	24	25	26	27	28	29	30	31	32	33	34	35	36	37	38	39	40	41	42	43	44	45	46	47	48	49	50	51	52	53	54	55	56	57	58	59	60	61	62	63	64	65	66	67	68	69	70	71	72	73	74	75	76	77	78	79	80	81	82	83	84	85	86	87	88	89	90	91	92	93	94	95	96	97	98	99	100	101
NS.1223.004.NEBNext_dual_i7_H3---NEBNext_dual_i5_H3.10_35_dHIP_R1 - First read: Adapter 1	828344	225962	108007	71745	64956	59333	55369	52490	47725	44078	40576	37870	34449	31430	28618	26053	23221	21339	19579	17865	16091	14824	13710	12453	11199	10108	8922	8177	7311	6458	6142	5461	5043	4364	4021	3821	3351	2986	2635	2319	2246	1990	1746	1699	1601	1422	1331	1213	1103	922	807	785	631	602	541	563	499	507	441	334	329	282	257	208	248	206	199	175	135	137	112	82	72	63	49	77	70	67	81	57	78	86	105	104	119	175	145	166	213	256	150	179	239	239	346	369	141	313	14901
	3	4	5	6	7	8	9	10	11	12	13	14	15
NS.1223.004.NEBNext_dual_i7_H3---NEBNext_dual_i5_H3.10_35_dHIP_R1 - Second read: Adapter 2	830843	225969	108011	71747	64956	59333	55369	52490	47725	44078	40519	36985	15
	3	4	5	6	7	8	9	10	11	12	13	14	15	16	17	18	19	20	21	22	23	24	25	26	27	28	29	30	31	32	33	34	35	36	37	38	39	40	41	42	43	44	45	46	47	48	49	50	51	52	53	54	55	56	57	58	59	60	61	62	63	64	65	66	67	68	69	70	71	72	73	74	75	76	77	78	79	80	81	82	83	84	85	86	87	88	89	90	91	92	93	94	95	96	97	98	99	100	101
NS.1223.004.NEBNext_dual_i7_H4---NEBNext_dual_i5_H4.08_31_ACC_R1 - First read: Adapter 1	648334	171454	77375	49865	44017	40381	37810	35800	32153	29379	27293	24825	22985	21183	18748	17248	15444	13945	12692	11432	10454	9425	8712	7766	7121	6269	5559	5058	4484	4085	3643	3329	3013	2643	2425	2240	1946	1927	1613	1456	1277	1159	1059	936	893	802	768	685	580	510	492	402	351	337	332	298	293	254	232	195	166	155	154	114	138	118	168	131	120	112	85	94	90	68	90	72	84	77	105	82	134	168	162	155	187	230	256	206	287	381	218	302	316	388	474	503	163	282	8857
	3	4	5	6	7	8	9	10	11	12	13	14	15	17
NS.1223.004.NEBNext_dual_i7_H4---NEBNext_dual_i5_H4.08_31_ACC_R1 - Second read: Adapter 2	648417	171456	77375	49865	44017	40381	37810	35800	32153	29379	26000	23249	21	1
	3	4	5	6	7	8	9	10	11	12	13	14	15	16	17	18	19	20	21	22	23	24	25	26	27	28	29	30	31	32	33	34	35	36	37	38	39	40	41	42	43	44	45	46	47	48	49	50	51	52	53	54	55	56	57	58	59	60	61	62	63	64	65	66	67	68	69	70	71	72	73	74	75	76	77	78	79	80	81	82	83	84	85	86	87	88	89	90	91	92	93	94	95	96	97	98	99	100	101
NS.1223.004.NEBNext_dual_i7_H5---NEBNext_dual_i5_H5.13_09_vHIP_R1 - First read: Adapter 1	685036	196367	99385	70314	62762	57423	55051	51483	46778	43160	40657	37121	34848	31876	28760	26115	23797	21601	19519	17483	16108	15073	13607	12573	11368	10307	8994	8346	7309	6703	5996	5513	4952	4625	4238	3759	3579	3087	2744	2544	2199	2041	1912	1693	1655	1426	1373	1243	1117	1015	884	806	687	611	623	624	534	530	427	363	358	266	252	250	221	249	257	209	176	177	124	92	80	96	91	74	97	87	99	114	128	143	154	157	196	199	226	230	269	390	234	290	319	332	473	511	153	421	16888
	3	4	5	6	7	8	9	10	11	12	13	14	15	16	17	18
NS.1223.004.NEBNext_dual_i7_H5---NEBNext_dual_i5_H5.13_09_vHIP_R1 - Second read: Adapter 2	689150	198401	101258	70951	62883	57423	55051	51483	46778	43160	38817	34707	26	2	1	1
	3	4	5	6	7	8	9	10	11	12	13	14	15	16	17	18	19	20	21	22	23	24	25	26	27	28	29	30	31	32	33	34	35	36	37	38	39	40	41	42	43	44	45	46	47	48	49	50	51	52	53	54	55	56	57	58	59	60	61	62	63	64	65	66	67	68	69	70	71	72	73	74	75	76	77	78	79	80	81	82	83	84	85	86	87	88	89	90	91	92	93	94	95	96	97	98	99	100	101
NS.1223.004.NEBNext_dual_i7_H6---NEBNext_dual_i5_H6.01_15_dHIP_R1 - First read: Adapter 1	582458	157207	72484	47511	42496	38529	36398	34555	30769	28640	26515	24121	22404	20286	18372	16585	15118	13698	12373	11094	10296	9530	8705	7867	7143	6377	5690	5116	4561	4116	3679	3308	3123	2793	2526	2194	2115	1779	1606	1480	1295	1198	1097	1004	937	822	885	731	622	595	488	470	424	381	307	290	324	274	230	199	173	145	144	137	113	134	154	116	91	82	72	68	60	64	40	49	70	55	77	63	76	99	83	92	110	161	134	151	154	202	132	155	209	205	299	314	112	233	13209
	3	4	5	6	7	8	9	10	11	12	13	14	15	17	37
NS.1223.004.NEBNext_dual_i7_H6---NEBNext_dual_i5_H6.01_15_dHIP_R1 - Second read: Adapter 2	582565	157208	72484	47510	42496	38529	36398	34555	30769	28640	25482	22613	16	1	1
	3	4	5	6	7	8	9	10	11	12	13	14	15	16	17	18	19	20	21	22	23	24	25	26	27	28	29	30	31	32	33	34	35	36	37	38	39	40	41	42	43	44	45	46	47	48	49	50	51	52	53	54	55	56	57	58	59	60	61	62	63	64	65	66	67	68	69	70	71	72	73	74	75	76	77	78	79	80	81	82	83	84	85	86	87	88	89	90	91	92	93	94	95	96	97	98	99	100	101
NS.1223.004.NEBNext_dual_i7_H7---NEBNext_dual_i5_H7.05_13_ACC_R1 - First read: Adapter 1	713094	196933	95578	65230	58066	52475	49941	47126	42217	39214	36114	32822	30521	27565	25045	22706	20499	18528	16678	15284	13783	12546	11639	10567	9411	8370	7421	6765	6036	5439	4860	4403	4176	3634	3279	2955	2733	2381	2206	1990	1803	1519	1399	1289	1192	1139	987	977	866	729	622	530	503	448	433	415	381	321	314	247	258	232	173	191	160	176	172	144	113	120	96	86	82	68	86	69	103	89	93	132	116	138	176	157	195	250	240	228	278	411	232	255	334	339	444	536	207	356	16225
	3	4	5	6	7	8	9	10	11	12	13	14	15	17	37
NS.1223.004.NEBNext_dual_i7_H7---NEBNext_dual_i5_H7.05_13_ACC_R1 - Second read: Adapter 2	713204	196940	95582	65231	58066	52475	49941	47126	42217	39214	34354	30467	24	1	1
	3	4	5	6	7	8	9	10	11	12	13	14	15	16	17	18	19	20	21	22	23	24	25	26	27	28	29	30	31	32	33	34	35	36	37	38	39	40	41	42	43	44	45	46	47	48	49	50	51	52	53	54	55	56	57	58	59	60	61	62	63	64	65	66	67	68	69	70	71	72	73	74	75	76	77	78	79	80	81	82	83	84	85	86	87	88	89	90	91	92	93	94	95	96	97	98	99	100	101
NS.1223.004.NEBNext_dual_i7_H8---NEBNext_dual_i5_H8.11_09_vHIP_R1 - First read: Adapter 1	998448	263410	119862	77538	68125	62495	58913	56233	50429	46189	42897	39435	36043	32834	29965	27076	24277	22013	20309	18447	16612	15317	13949	12395	11586	10350	9152	8078	6999	6591	5901	5377	4822	4420	4203	3735	3387	3035	2677	2378	2262	1940	1770	1596	1520	1366	1265	1147	988	942	727	672	611	532	548	552	455	453	429	337	267	222	247	188	205	186	181	201	130	120	113	82	65	56	65	57	70	66	66	84	84	94	121	128	118	130	139	107	171	236	153	148	189	225	271	309	118	424	19449
	3	4	5	6	7	8	9	10	11	12	13	14	15	17	31
NS.1223.004.NEBNext_dual_i7_H8---NEBNext_dual_i5_H8.11_09_vHIP_R1 - Second read: Adapter 2	1004673	263428	119864	77538	68125	62495	58913	56233	50429	46189	40945	36735	15	2	2
	3	4	5	6	7	8	9	10	11	12	13	14	15	16	17	18	19	20	21	22	23	24	25	26	27	28	29	30	31	32	33	34	35	36	37	38	39	40	41	42	43	44	45	46	47	48	49	50	51	52	53	54	55	56	57	58	59	60	61	62	63	64	65	66	67	68	69	70	71	72	73	74	75	76	77	78	79	80	81	82	83	84	85	86	87	88	89	90	91	92	93	94	95	96	97	98	99	100	101
NS.1223.004.NEBNext_dual_i7_H9---NEBNext_dual_i5_H9.03_32_dHIP_R1 - First read: Adapter 1	739194	189513	82277	50010	43771	40338	38286	36213	32731	30193	27539	25529	23160	20933	19444	17515	15596	14100	12729	11566	10479	9759	9019	8236	7335	6649	5821	5115	4551	4135	3668	3547	3215	2891	2566	2323	2050	1774	1762	1526	1338	1183	1097	949	880	810	734	720	641	577	469	443	394	358	330	313	287	274	236	208	189	176	123	145	144	143	160	116	107	96	97	66	69	70	64	64	73	71	95	83	107	126	121	141	174	164	174	150	185	256	134	191	271	271	379	392	128	366	21384
	3	4	5	6	7	8	9	10	11	12	13	14	15	16	17	18	21
NS.1223.004.NEBNext_dual_i7_H9---NEBNext_dual_i5_H9.03_32_dHIP_R1 - Second read: Adapter 2	739306	189515	82278	50011	43771	40338	38286	36213	32731	30193	26036	23473	28	1	2	1	1

