Sample	bp_processed	bp_written	percent_trimmed
NS.1223.004.NEBNext_dual_i7_A1---NEBNext_dual_i5_A1.03_32_vHIP_R1	9651904208	9617989583	0.3513775548237393
NS.1223.004.NEBNext_dual_i7_A2---NEBNext_dual_i5_A2.17_32_dHIP_R1	10694668406	10652228081	0.39683628691273704
NS.1223.004.NEBNext_dual_i7_A3---NEBNext_dual_i5_A3.07_26_ACC_R1	9802708116	9765746145	0.3770587735818697
NS.1223.004.NEBNext_dual_i7_A4---NEBNext_dual_i5_A4.10_35_vHIP_R1	9583126440	9548156619	0.3649103580021219
NS.1223.004.NEBNext_dual_i7_A5---NEBNext_dual_i5_A5.08_31_dHIP_R1	9080477922	9051609064	0.31792223105412887
NS.1223.004.NEBNext_dual_i7_A6---NEBNext_dual_i5_A6.24_32_ACC_R1	13050249390	13010407730	0.3052942423501073
NS.1223.004.NEBNext_dual_i7_A7---NEBNext_dual_i5_A7.01_15_vHIP_R1	11567376278	11533190247	0.29553833279391484
NS.1223.004.NEBNext_dual_i7_A8---NEBNext_dual_i5_A8.05_13_dHIP_R1	13546067076	13508487197	0.27742280315872253
NS.1223.004.NEBNext_dual_i7_A9---NEBNext_dual_i5_A9.01_09_ACC_R1	11328054960	11284796383	0.3818711787040977
NS.1223.004.NEBNext_dual_i7_B1---NEBNext_dual_i5_B1.16_38_ACC_R1	7238973202	7209459201	0.40770977010725507
NS.1223.004.NEBNext_dual_i7_B2---NEBNext_dual_i5_B2.17_32_vHIP_R1	10821734284	10778614314	0.3984571129578846
NS.1223.004.NEBNext_dual_i7_B3---NEBNext_dual_i5_B3.07_26_dHIP_R1	11025070918	10986313749	0.35153668659603265
NS.1223.004.NEBNext_dual_i7_B4---NEBNext_dual_i5_B4.23_38_ACC_R1	8009535734	7982465626	0.3379734968293981
NS.1223.004.NEBNext_dual_i7_B5---NEBNext_dual_i5_B5.08_31_vHIP_R1	7265322890	7239852038	0.3505811425815378
NS.1223.004.NEBNext_dual_i7_B6---NEBNext_dual_i5_B6.24_32_dHIP_R1	8539348606	8509025507	0.35509850222877765
NS.1223.004.NEBNext_dual_i7_B7---NEBNext_dual_i5_B7.07_09_ACC_R1	9295739828	9261836529	0.36471867357860827
NS.1223.004.NEBNext_dual_i7_B8---NEBNext_dual_i5_B8.05_13_vHIP_R1	12122149684	12078092464	0.3634439529991206
NS.1223.004.NEBNext_dual_i7_B9---NEBNext_dual_i5_B9.01_09_dHIP_R1	10723046376	10684547700	0.35902741301358704
NS.1223.004.NEBNext_dual_i7_C1---NEBNext_dual_i5_C1.16_38_dHIP_R1	7079862448	7057755367	0.3122529733080487
NS.1223.004.NEBNext_dual_i7_C2---NEBNext_dual_i5_C2.03_13_ACC_R1	6081717020	6059097180	0.3719318068501648
NS.1223.004.NEBNext_dual_i7_C3---NEBNext_dual_i5_C3.07_26_vHIP_R1	9607779126	9572024512	0.3721423393596028
NS.1223.004.NEBNext_dual_i7_C4---NEBNext_dual_i5_C4.23_38_dHIP_R1	6166725690	6144301820	0.3636268439240403
NS.1223.004.NEBNext_dual_i7_C5---NEBNext_dual_i5_C5.19_26_ACC_R1	7396490782	7368468557	0.37885837792422467
NS.1223.004.NEBNext_dual_i7_C6---NEBNext_dual_i5_C6.24_32_vHIP_R1	5781743182	5760838295	0.3615672011355
NS.1223.004.NEBNext_dual_i7_C7---NEBNext_dual_i5_C7.07_09_dHIP_R1	9284456916	9256083872	0.30559723909219116
NS.1223.004.NEBNext_dual_i7_C8---NEBNext_dual_i5_C8.06_38_ACC_R1	6051815162	6032185680	0.3243569321689736
NS.1223.004.NEBNext_dual_i7_C9---NEBNext_dual_i5_C9.01_09_vHIP_R1	5961370672	5939391836	0.36868762587155557
NS.1223.004.NEBNext_dual_i7_D1---NEBNext_dual_i5_D1.16_38_vHIP_R1	7017648468	6992492111	0.35847274360793757
NS.1223.004.NEBNext_dual_i7_D2---NEBNext_dual_i5_D2.03_13_dHIP_R1	10996091190	10954347087	0.3796267444377205
NS.1223.004.NEBNext_dual_i7_D3---NEBNext_dual_i5_D3.14_35_ACC_R1	6506535342	6484510093	0.33850963442595866
NS.1223.004.NEBNext_dual_i7_D4---NEBNext_dual_i5_D4.23_38_vHIP_R1	5481960234	5464406532	0.32020848840035565
NS.1223.004.NEBNext_dual_i7_D5---NEBNext_dual_i5_D5.19_26_dHIP_R1	5287997612	5267017935	0.39674142349064284
NS.1223.004.NEBNext_dual_i7_D6---NEBNext_dual_i5_D6.21_38_ACC_R1	8834401522	8808106959	0.2976383056002104
NS.1223.004.NEBNext_dual_i7_D7---NEBNext_dual_i5_D7.07_09_vHIP_R1	5879693588	5857657355	0.37478539774545816
NS.1223.004.NEBNext_dual_i7_D8---NEBNext_dual_i5_D8.06_38_dHIP_R1	7778859814	7752697827	0.3363216155780951
NS.1223.004.NEBNext_dual_i7_D9---NEBNext_dual_i5_D9.03_15_ACC_R1	5234780106	5216588657	0.3475112350784195
NS.1223.004.NEBNext_dual_i7_E1---NEBNext_dual_i5_E1.27_32_ACC_R1	5955216136	5934545578	0.34710004688232865
NS.1223.004.NEBNext_dual_i7_E2---NEBNext_dual_i5_E2.03_13_vHIP_R1	7549077340	7522699198	0.34942206592892056
NS.1223.004.NEBNext_dual_i7_E3---NEBNext_dual_i5_E3.14_35_dHIP_R1	11709316022	11672062221	0.31815522725670614
NS.1223.004.NEBNext_dual_i7_E4---NEBNext_dual_i5_E4.04_09_ACC_R1	7163985752	7139788144	0.3377673942643542
NS.1223.004.NEBNext_dual_i7_E5---NEBNext_dual_i5_E5.19_26_vHIP_R1	7131422140	7105520216	0.36320839646718767
NS.1223.004.NEBNext_dual_i7_E6---NEBNext_dual_i5_E6.21_38_dHIP_R1	5958917180	5939731872	0.32195963495502045
NS.1223.004.NEBNext_dual_i7_E7---NEBNext_dual_i5_E7.25_31_ACC_R1	5211331138	5195678985	0.30034846348311245
NS.1223.004.NEBNext_dual_i7_E8---NEBNext_dual_i5_E8.06_38_vHIP_R1	8312494728	8285803536	0.32109725026462593
NS.1223.004.NEBNext_dual_i7_E9---NEBNext_dual_i5_E9.03_15_dHIP_R1	5961754068	5938219341	0.39476178875481915
NS.1223.004.NEBNext_dual_i7_F1---NEBNext_dual_i5_F1.27_32_dHIP_R1	5613833510	5596361217	0.3112363943262008
NS.1223.004.NEBNext_dual_i7_F2---NEBNext_dual_i5_F2.08_09_ACC_R1	7142589710	7117914192	0.3454701866110689
NS.1223.004.NEBNext_dual_i7_F3---NEBNext_dual_i5_F3.14_35_vHIP_R1	5112720798	5095579732	0.33526309527219367
NS.1223.004.NEBNext_dual_i7_F4---NEBNext_dual_i5_F4.04_09_dHIP_R1	4345423394	4331493336	0.3205684863581788
NS.1223.004.NEBNext_dual_i7_F5---NEBNext_dual_i5_F5.13_09_ACC_R1	6913976614	6887059242	0.38931823902174395
NS.1223.004.NEBNext_dual_i7_F6---NEBNext_dual_i5_F6.21_38_vHIP_R1	6895545932	6870236512	0.36704011907958095
NS.1223.004.NEBNext_dual_i7_F7---NEBNext_dual_i5_F7.25_31_dHIP_R1	7154726880	7131123732	0.32989586319471076
NS.1223.004.NEBNext_dual_i7_F8---NEBNext_dual_i5_F8.11_09_ACC_R1	5259113834	5242465348	0.31656447313172953
NS.1223.004.NEBNext_dual_i7_F9---NEBNext_dual_i5_F9.03_15_vHIP_R1	13983850768	13936786315	0.33656289516261234
NS.1223.004.NEBNext_dual_i7_G1---NEBNext_dual_i5_G1.27_32_vHIP_R1	5925692220	5905693003	0.33750009716164436
NS.1223.004.NEBNext_dual_i7_G2---NEBNext_dual_i5_G2.08_09_dHIP_R1	4882062048	4863434365	0.3815535897916552
NS.1223.004.NEBNext_dual_i7_G3---NEBNext_dual_i5_G3.10_35_ACC_R1	5501091452	5482422528	0.3393676357300449
NS.1223.004.NEBNext_dual_i7_G4---NEBNext_dual_i5_G4.04_09_vHIP_R1	6499699056	6479797989	0.3061844375952904
NS.1223.004.NEBNext_dual_i7_G5---NEBNext_dual_i5_G5.13_09_dHIP_R1	7838640502	7814203990	0.3117442622067579
NS.1223.004.NEBNext_dual_i7_G6---NEBNext_dual_i5_G6.01_15_ACC_R1	4734145528	4718630386	0.3277284550767616
NS.1223.004.NEBNext_dual_i7_G7---NEBNext_dual_i5_G7.25_31_vHIP_R1	6397290308	6376348613	0.3273525819800892
NS.1223.004.NEBNext_dual_i7_G8---NEBNext_dual_i5_G8.11_09_dHIP_R1	5650502570	5632128432	0.32517705765772265
NS.1223.004.NEBNext_dual_i7_G9---NEBNext_dual_i5_G9.03_32_ACC_R1	5521672222	5502728775	0.3430744571277451
NS.1223.004.NEBNext_dual_i7_H1---NEBNext_dual_i5_H1.17_32_ACC_R1	9501618026	9470899145	0.323301577856967
NS.1223.004.NEBNext_dual_i7_H2---NEBNext_dual_i5_H2.08_09_vHIP_R1	8052726970	8026561697	0.32492437776019617
NS.1223.004.NEBNext_dual_i7_H3---NEBNext_dual_i5_H3.10_35_dHIP_R1	8083035050	8055094352	0.34567087519928547
NS.1223.004.NEBNext_dual_i7_H4---NEBNext_dual_i5_H4.08_31_ACC_R1	6356514386	6337227996	0.30341141117335624
NS.1223.004.NEBNext_dual_i7_H5---NEBNext_dual_i5_H5.13_09_vHIP_R1	6528161866	6501091268	0.41467412352302724
NS.1223.004.NEBNext_dual_i7_H6---NEBNext_dual_i5_H6.01_15_dHIP_R1	5713770788	5695018578	0.3281932491828897
NS.1223.004.NEBNext_dual_i7_H7---NEBNext_dual_i5_H7.05_13_ACC_R1	6995335952	6970672242	0.3525736314772492
NS.1223.004.NEBNext_dual_i7_H8---NEBNext_dual_i5_H8.11_09_vHIP_R1	9726075982	9695655203	0.3127754611037337
NS.1223.004.NEBNext_dual_i7_H9---NEBNext_dual_i5_H9.03_32_dHIP_R1	7280003442	7258612970	0.2938250259140468
