	16.0	17.0	18.0	19.0	20.0	21.0	22.0	23.0	24.0	25.0	26.0	27.0	28.0	29.0	30.0	31.0	32.0	33.0	34.0	35.0	36.0	37.0
NS.1223.004.NEBNext_dual_i7_A1---NEBNext_dual_i5_A1.03_32_vHIP_R1	1.0	4.0	13.0	64.0	180.0	574.0	1764.0	5297.0	13684.0	31682.0	64136.0	122164.0	211587.0	347113.0	535024.0	777611.0	994260.0	1297546.0	1781671.0	3435850.0	27025958.0	10731540.0
	3.0	4.0	5.0	6.0	7.0	8.0	9.0	10.0	11.0	12.0	13.0	14.0	15.0	16.0	17.0	18.0	19.0	20.0	21.0	22.0	23.0	24.0	25.0	26.0	27.0	28.0	29.0	30.0	31.0	32.0	33.0	34.0	35.0	36.0	37.0
NS.1223.004.NEBNext_dual_i7_A1---NEBNext_dual_i5_A1.03_32_vHIP_R2	1.0	0.0	0.0	0.0	0.0	1.0	2.0	8.0	11.0	29.0	50.0	137.0	197.0	321.0	551.0	1094.0	2005.0	3906.0	7747.0	14850.0	27837.0	44220.0	65900.0	89411.0	126592.0	176135.0	255103.0	373455.0	541034.0	741472.0	1094253.0	1776525.0	4522064.0	28636201.0	8876611.0
	17.0	18.0	19.0	20.0	21.0	22.0	23.0	24.0	25.0	26.0	27.0	28.0	29.0	30.0	31.0	32.0	33.0	34.0	35.0	36.0	37.0
NS.1223.004.NEBNext_dual_i7_A2---NEBNext_dual_i5_A2.17_32_dHIP_R1	7.0	17.0	67.0	179.0	493.0	1514.0	4303.0	11376.0	27918.0	58711.0	119782.0	215777.0	366500.0	573250.0	841110.0	1087047.0	1422104.0	1943907.0	3703339.0	29714309.0	12433650.0
	8.0	9.0	10.0	11.0	12.0	13.0	14.0	15.0	16.0	17.0	18.0	19.0	20.0	21.0	22.0	23.0	24.0	25.0	26.0	27.0	28.0	29.0	30.0	31.0	32.0	33.0	34.0	35.0	36.0	37.0
NS.1223.004.NEBNext_dual_i7_A2---NEBNext_dual_i5_A2.17_32_dHIP_R2	1.0	3.0	7.0	15.0	23.0	59.0	141.0	253.0	372.0	681.0	1167.0	2324.0	4156.0	8529.0	15962.0	28876.0	46590.0	69674.0	98652.0	141273.0	200609.0	292213.0	427590.0	620225.0	845454.0	1234589.0	1974040.0	4885798.0	31367663.0	10258421.0
	16.0	17.0	18.0	19.0	20.0	21.0	22.0	23.0	24.0	25.0	26.0	27.0	28.0	29.0	30.0	31.0	32.0	33.0	34.0	35.0	36.0	37.0
NS.1223.004.NEBNext_dual_i7_A3---NEBNext_dual_i5_A3.07_26_ACC_R1	1.0	7.0	18.0	64.0	193.0	533.0	1612.0	4692.0	11864.0	28455.0	59151.0	116499.0	206309.0	344304.0	535191.0	783971.0	1010240.0	1326978.0	1818533.0	3464744.0	27086897.0	11341426.0
	6.0	7.0	8.0	9.0	10.0	11.0	12.0	13.0	14.0	15.0	16.0	17.0	18.0	19.0	20.0	21.0	22.0	23.0	24.0	25.0	26.0	27.0	28.0	29.0	30.0	31.0	32.0	33.0	34.0	35.0	36.0	37.0
NS.1223.004.NEBNext_dual_i7_A3---NEBNext_dual_i5_A3.07_26_ACC_R2	1.0	1.0	0.0	3.0	4.0	11.0	15.0	66.0	172.0	291.0	484.0	809.0	1449.0	2737.0	4872.0	8985.0	15751.0	27074.0	41148.0	59841.0	81025.0	114341.0	161833.0	233890.0	343688.0	503382.0	696650.0	1038613.0	1688691.0	4224215.0	29223383.0	9668257.0
	15.0	16.0	17.0	18.0	19.0	20.0	21.0	22.0	23.0	24.0	25.0	26.0	27.0	28.0	29.0	30.0	31.0	32.0	33.0	34.0	35.0	36.0	37.0
NS.1223.004.NEBNext_dual_i7_A4---NEBNext_dual_i5_A4.10_35_vHIP_R1	1.0	0.0	4.0	28.0	73.0	166.0	498.0	1565.0	4418.0	11538.0	27697.0	57481.0	112850.0	199244.0	336351.0	524178.0	767825.0	990619.0	1304485.0	1792911.0	3438064.0	26722275.0	10726872.0
	6.0	7.0	8.0	9.0	10.0	11.0	12.0	13.0	14.0	15.0	16.0	17.0	18.0	19.0	20.0	21.0	22.0	23.0	24.0	25.0	26.0	27.0	28.0	29.0	30.0	31.0	32.0	33.0	34.0	35.0	36.0	37.0
NS.1223.004.NEBNext_dual_i7_A4---NEBNext_dual_i5_A4.10_35_vHIP_R2	1.0	1.0	1.0	3.0	9.0	16.0	10.0	66.0	185.0	314.0	462.0	891.0	1548.0	2739.0	5237.0	9891.0	17698.0	31300.0	47605.0	70443.0	95668.0	135231.0	188793.0	273323.0	399236.0	572839.0	778280.0	1137062.0	1822266.0	4511303.0	28494096.0	8422626.0
	16.0	17.0	18.0	19.0	20.0	21.0	22.0	23.0	24.0	25.0	26.0	27.0	28.0	29.0	30.0	31.0	32.0	33.0	34.0	35.0	36.0	37.0
NS.1223.004.NEBNext_dual_i7_A5---NEBNext_dual_i5_A5.08_31_dHIP_R1	1.0	3.0	22.0	47.0	150.0	424.0	1324.0	3706.0	9063.0	21866.0	46403.0	94729.0	172243.0	296669.0	469769.0	697196.0	912895.0	1212784.0	1682131.0	3289349.0	25715068.0	9907972.0
	8.0	9.0	10.0	11.0	12.0	13.0	14.0	15.0	16.0	17.0	18.0	19.0	20.0	21.0	22.0	23.0	24.0	25.0	26.0	27.0	28.0	29.0	30.0	31.0	32.0	33.0	34.0	35.0	36.0	37.0
NS.1223.004.NEBNext_dual_i7_A5---NEBNext_dual_i5_A5.08_31_dHIP_R2	3.0	3.0	9.0	11.0	15.0	67.0	154.0	303.0	506.0	914.0	1578.0	2783.0	5306.0	10082.0	17977.0	32053.0	50651.0	75617.0	104246.0	149403.0	208596.0	299326.0	431672.0	618041.0	830225.0	1211394.0	1966488.0	5020139.0	26810735.0	6685517.0
	15.0	16.0	17.0	18.0	19.0	20.0	21.0	22.0	23.0	24.0	25.0	26.0	27.0	28.0	29.0	30.0	31.0	32.0	33.0	34.0	35.0	36.0	37.0
NS.1223.004.NEBNext_dual_i7_A6---NEBNext_dual_i5_A6.24_32_ACC_R1	1.0	1.0	3.0	32.0	106.0	262.0	723.0	2159.0	6425.0	16628.0	39419.0	80242.0	155314.0	270027.0	448532.0	696873.0	1019409.0	1311945.0	1732000.0	2395114.0	4707188.0	37029060.0	14058289.0
	4.0	5.0	6.0	7.0	8.0	9.0	10.0	11.0	12.0	13.0	14.0	15.0	16.0	17.0	18.0	19.0	20.0	21.0	22.0	23.0	24.0	25.0	26.0	27.0	28.0	29.0	30.0	31.0	32.0	33.0	34.0	35.0	36.0	37.0
NS.1223.004.NEBNext_dual_i7_A6---NEBNext_dual_i5_A6.24_32_ACC_R2	1.0	0.0	0.0	0.0	0.0	4.0	8.0	9.0	32.0	106.0	222.0	411.0	723.0	1254.0	2123.0	3908.0	7186.0	13469.0	25236.0	44404.0	69362.0	101452.0	138313.0	193650.0	268862.0	381883.0	552753.0	792599.0	1077591.0	1583039.0	2582991.0	6567301.0	38539496.0	11021364.0
	17.0	18.0	19.0	20.0	21.0	22.0	23.0	24.0	25.0	26.0	27.0	28.0	29.0	30.0	31.0	32.0	33.0	34.0	35.0	36.0	37.0
NS.1223.004.NEBNext_dual_i7_A7---NEBNext_dual_i5_A7.01_15_vHIP_R1	3.0	25.0	68.0	209.0	610.0	1910.0	5486.0	14456.0	34600.0	70087.0	136826.0	238795.0	395774.0	615347.0	900136.0	1158733.0	1521258.0	2083554.0	3954440.0	31750851.0	13878163.0
	7.0	8.0	9.0	10.0	11.0	12.0	13.0	14.0	15.0	16.0	17.0	18.0	19.0	20.0	21.0	22.0	23.0	24.0	25.0	26.0	27.0	28.0	29.0	30.0	31.0	32.0	33.0	34.0	35.0	36.0	37.0
NS.1223.004.NEBNext_dual_i7_A7---NEBNext_dual_i5_A7.01_15_vHIP_R2	1.0	1.0	1.0	6.0	13.0	19.0	48.0	132.0	245.0	395.0	715.0	1344.0	2438.0	4580.0	9930.0	19588.0	36328.0	58904.0	88676.0	121818.0	172406.0	240380.0	346084.0	499862.0	714795.0	963430.0	1397609.0	2254880.0	5727439.0	34474623.0	9624641.0
	17.0	18.0	19.0	20.0	21.0	22.0	23.0	24.0	25.0	26.0	27.0	28.0	29.0	30.0	31.0	32.0	33.0	34.0	35.0	36.0	37.0
NS.1223.004.NEBNext_dual_i7_A8---NEBNext_dual_i5_A8.05_13_dHIP_R1	4.0	27.0	92.0	215.0	627.0	1667.0	4665.0	11629.0	27921.0	60011.0	126243.0	235714.0	415466.0	670849.0	1013831.0	1343065.0	1805493.0	2519478.0	4920343.0	38257727.0	15126046.0
	5.0	6.0	7.0	8.0	9.0	10.0	11.0	12.0	13.0	14.0	15.0	16.0	17.0	18.0	19.0	20.0	21.0	22.0	23.0	24.0	25.0	26.0	27.0	28.0	29.0	30.0	31.0	32.0	33.0	34.0	35.0	36.0	37.0
NS.1223.004.NEBNext_dual_i7_A8---NEBNext_dual_i5_A8.05_13_dHIP_R2	1.0	1.0	0.0	1.0	1.0	13.0	17.0	22.0	75.0	215.0	395.0	688.0	1163.0	2055.0	3728.0	6956.0	13072.0	22735.0	39622.0	61940.0	92702.0	129623.0	187328.0	266393.0	388176.0	567927.0	821309.0	1117016.0	1639074.0	2651201.0	6674696.0	40335377.0	11517591.0
	17.0	18.0	19.0	20.0	21.0	22.0	23.0	24.0	25.0	26.0	27.0	28.0	29.0	30.0	31.0	32.0	33.0	34.0	35.0	36.0	37.0
NS.1223.004.NEBNext_dual_i7_A9---NEBNext_dual_i5_A9.01_09_ACC_R1	9.0	18.0	67.0	236.0	671.0	1787.0	5302.0	13697.0	32567.0	67799.0	133998.0	237464.0	396024.0	618085.0	906976.0	1169401.0	1534532.0	2104885.0	4008314.0	31254188.0	13069636.0
	5.0	6.0	7.0	8.0	9.0	10.0	11.0	12.0	13.0	14.0	15.0	16.0	17.0	18.0	19.0	20.0	21.0	22.0	23.0	24.0	25.0	26.0	27.0	28.0	29.0	30.0	31.0	32.0	33.0	34.0	35.0	36.0	37.0
NS.1223.004.NEBNext_dual_i7_A9---NEBNext_dual_i5_A9.01_09_ACC_R2	1.0	1.0	2.0	1.0	2.0	9.0	20.0	37.0	87.0	249.0	423.0	647.0	1179.0	2112.0	3660.0	6688.0	12526.0	22028.0	38238.0	59701.0	87699.0	119441.0	169104.0	234471.0	336910.0	490669.0	702192.0	952319.0	1392039.0	2250815.0	5660028.0	33293173.0	9719185.0
	17.0	18.0	19.0	20.0	21.0	22.0	23.0	24.0	25.0	26.0	27.0	28.0	29.0	30.0	31.0	32.0	33.0	34.0	35.0	36.0	37.0
NS.1223.004.NEBNext_dual_i7_B1---NEBNext_dual_i5_B1.16_38_ACC_R1	2.0	14.0	37.0	128.0	390.0	1021.0	3105.0	8006.0	19307.0	41013.0	82588.0	146599.0	246040.0	385170.0	564322.0	727464.0	953699.0	1304919.0	2514181.0	20201945.0	8328409.0
	2.0	3.0	4.0	5.0	6.0	7.0	8.0	9.0	10.0	11.0	12.0	13.0	14.0	15.0	16.0	17.0	18.0	19.0	20.0	21.0	22.0	23.0	24.0	25.0	26.0	27.0	28.0	29.0	30.0	31.0	32.0	33.0	34.0	35.0	36.0	37.0
NS.1223.004.NEBNext_dual_i7_B1---NEBNext_dual_i5_B1.16_38_ACC_R2	1.0	0.0	0.0	0.0	1.0	0.0	1.0	2.0	1.0	9.0	18.0	41.0	98.0	152.0	268.0	544.0	978.0	1739.0	3296.0	6648.0	12192.0	22386.0	35937.0	54020.0	74572.0	105688.0	149460.0	215362.0	312213.0	448036.0	605915.0	884807.0	1429712.0	3612649.0	21386197.0	6165416.0
	16.0	17.0	18.0	19.0	20.0	21.0	22.0	23.0	24.0	25.0	26.0	27.0	28.0	29.0	30.0	31.0	32.0	33.0	34.0	35.0	36.0	37.0
NS.1223.004.NEBNext_dual_i7_B2---NEBNext_dual_i5_B2.17_32_vHIP_R1	1.0	3.0	20.0	70.0	194.0	640.0	1910.0	5416.0	13984.0	33127.0	67506.0	132918.0	232372.0	387088.0	599768.0	878462.0	1129124.0	1485172.0	2042003.0	3955411.0	30314332.0	11817371.0
	7.0	8.0	9.0	10.0	11.0	12.0	13.0	14.0	15.0	16.0	17.0	18.0	19.0	20.0	21.0	22.0	23.0	24.0	25.0	26.0	27.0	28.0	29.0	30.0	31.0	32.0	33.0	34.0	35.0	36.0	37.0
NS.1223.004.NEBNext_dual_i7_B2---NEBNext_dual_i5_B2.17_32_vHIP_R2	1.0	3.0	2.0	7.0	18.0	28.0	64.0	184.0	353.0	513.0	877.0	1603.0	2944.0	5483.0	10628.0	19403.0	34282.0	53203.0	78036.0	106273.0	149111.0	207916.0	300317.0	437357.0	632163.0	861014.0	1260823.0	2029242.0	5039684.0	31699526.0	10165834.0
	16.0	17.0	18.0	19.0	20.0	21.0	22.0	23.0	24.0	25.0	26.0	27.0	28.0	29.0	30.0	31.0	32.0	33.0	34.0	35.0	36.0	37.0
NS.1223.004.NEBNext_dual_i7_B3---NEBNext_dual_i5_B3.07_26_dHIP_R1	1.0	3.0	22.0	60.0	226.0	608.0	1869.0	5295.0	13668.0	32554.0	66189.0	130358.0	228867.0	382785.0	594469.0	872604.0	1127093.0	1486985.0	2047248.0	3910095.0	30562907.0	12597521.0
	8.0	9.0	10.0	11.0	12.0	13.0	14.0	15.0	16.0	17.0	18.0	19.0	20.0	21.0	22.0	23.0	24.0	25.0	26.0	27.0	28.0	29.0	30.0	31.0	32.0	33.0	34.0	35.0	36.0	37.0
NS.1223.004.NEBNext_dual_i7_B3---NEBNext_dual_i5_B3.07_26_dHIP_R2	2.0	0.0	5.0	12.0	16.0	101.0	299.0	444.0	791.0	1269.0	2220.0	3798.0	6805.0	12692.0	22302.0	38641.0	59222.0	86140.0	117732.0	166206.0	230235.0	329061.0	475201.0	682343.0	922072.0	1346959.0	2172623.0	5545015.0	32620548.0	9218673.0
	16.0	17.0	18.0	19.0	20.0	21.0	22.0	23.0	24.0	25.0	26.0	27.0	28.0	29.0	30.0	31.0	32.0	33.0	34.0	35.0	36.0	37.0
NS.1223.004.NEBNext_dual_i7_B4---NEBNext_dual_i5_B4.23_38_ACC_R1	1.0	5.0	16.0	66.0	154.0	408.0	1151.0	3197.0	8376.0	20516.0	44251.0	90012.0	162831.0	275702.0	433958.0	638576.0	829382.0	1094973.0	1519087.0	3007265.0	22810460.0	8395657.0
	8.0	9.0	10.0	11.0	12.0	13.0	14.0	15.0	16.0	17.0	18.0	19.0	20.0	21.0	22.0	23.0	24.0	25.0	26.0	27.0	28.0	29.0	30.0	31.0	32.0	33.0	34.0	35.0	36.0	37.0
NS.1223.004.NEBNext_dual_i7_B4---NEBNext_dual_i5_B4.23_38_ACC_R2	1.0	0.0	7.0	4.0	22.0	47.0	121.0	241.0	397.0	680.0	1308.0	2130.0	3943.0	7252.0	12837.0	22705.0	35049.0	51509.0	71185.0	102635.0	144539.0	211659.0	310786.0	452298.0	620087.0	913207.0	1480165.0	3726070.0	23816581.0	7348579.0
	16.0	17.0	18.0	19.0	20.0	21.0	22.0	23.0	24.0	25.0	26.0	27.0	28.0	29.0	30.0	31.0	32.0	33.0	34.0	35.0	36.0	37.0
NS.1223.004.NEBNext_dual_i7_B5---NEBNext_dual_i5_B5.08_31_vHIP_R1	1.0	3.0	20.0	44.0	131.0	401.0	1129.0	3341.0	8621.0	21347.0	44324.0	87731.0	154587.0	257372.0	399052.0	581547.0	744888.0	975207.0	1335241.0	2571471.0	20347195.0	8137608.0
	8.0	9.0	10.0	11.0	12.0	13.0	14.0	15.0	16.0	17.0	18.0	19.0	20.0	21.0	22.0	23.0	24.0	25.0	26.0	27.0	28.0	29.0	30.0	31.0	32.0	33.0	34.0	35.0	36.0	37.0
NS.1223.004.NEBNext_dual_i7_B5---NEBNext_dual_i5_B5.08_31_vHIP_R2	1.0	1.0	2.0	5.0	14.0	28.0	82.0	182.0	219.0	442.0	865.0	1500.0	2844.0	5747.0	10876.0	20648.0	32928.0	50075.0	68971.0	98842.0	139459.0	201443.0	294467.0	423635.0	577837.0	845891.0	1356514.0	3413777.0	21591560.0	6532406.0
	16.0	17.0	18.0	19.0	20.0	21.0	22.0	23.0	24.0	25.0	26.0	27.0	28.0	29.0	30.0	31.0	32.0	33.0	34.0	35.0	36.0	37.0
NS.1223.004.NEBNext_dual_i7_B6---NEBNext_dual_i5_B6.24_32_dHIP_R1	1.0	4.0	16.0	56.0	151.0	437.0	1271.0	3735.0	9469.0	22300.0	46504.0	93818.0	167465.0	285844.0	450618.0	664779.0	863692.0	1141488.0	1573934.0	3016544.0	23646735.0	9911856.0
	6.0	7.0	8.0	9.0	10.0	11.0	12.0	13.0	14.0	15.0	16.0	17.0	18.0	19.0	20.0	21.0	22.0	23.0	24.0	25.0	26.0	27.0	28.0	29.0	30.0	31.0	32.0	33.0	34.0	35.0	36.0	37.0
NS.1223.004.NEBNext_dual_i7_B6---NEBNext_dual_i5_B6.24_32_dHIP_R2	1.0	0.0	1.0	1.0	7.0	8.0	16.0	58.0	146.0	281.0	450.0	725.0	1385.0	2339.0	4439.0	8476.0	15704.0	27235.0	42940.0	64303.0	87950.0	125599.0	175830.0	254723.0	371205.0	534660.0	727508.0	1069344.0	1731011.0	4350416.0	25213713.0	7090243.0
	16.0	17.0	18.0	19.0	20.0	21.0	22.0	23.0	24.0	25.0	26.0	27.0	28.0	29.0	30.0	31.0	32.0	33.0	34.0	35.0	36.0	37.0
NS.1223.004.NEBNext_dual_i7_B7---NEBNext_dual_i5_B7.07_09_ACC_R1	2.0	7.0	21.0	69.0	187.0	537.0	1457.0	4118.0	10620.0	25595.0	53927.0	107723.0	191986.0	322794.0	503105.0	738332.0	952663.0	1255049.0	1731324.0	3365273.0	26166060.0	10196798.0
	6.0	7.0	8.0	9.0	10.0	11.0	12.0	13.0	14.0	15.0	16.0	17.0	18.0	19.0	20.0	21.0	22.0	23.0	24.0	25.0	26.0	27.0	28.0	29.0	30.0	31.0	32.0	33.0	34.0	35.0	36.0	37.0
NS.1223.004.NEBNext_dual_i7_B7---NEBNext_dual_i5_B7.07_09_ACC_R2	1.0	1.0	3.0	3.0	4.0	10.0	18.0	57.0	152.0	254.0	451.0	773.0	1388.0	2665.0	4751.0	9282.0	16129.0	27742.0	43859.0	64514.0	88736.0	127120.0	179206.0	258092.0	377038.0	542476.0	738888.0	1088595.0	1772220.0	4491151.0	27457502.0	8334566.0
	16.0	17.0	18.0	19.0	20.0	21.0	22.0	23.0	24.0	25.0	26.0	27.0	28.0	29.0	30.0	31.0	32.0	33.0	34.0	35.0	36.0	37.0
NS.1223.004.NEBNext_dual_i7_B8---NEBNext_dual_i5_B8.05_13_vHIP_R1	1.0	7.0	25.0	68.0	207.0	666.0	1843.0	5149.0	13642.0	32502.0	67786.0	134010.0	240974.0	408000.0	641692.0	944965.0	1225484.0	1613738.0	2211324.0	4188379.0	33490630.0	14228206.0
	8.0	9.0	10.0	11.0	12.0	13.0	14.0	15.0	16.0	17.0	18.0	19.0	20.0	21.0	22.0	23.0	24.0	25.0	26.0	27.0	28.0	29.0	30.0	31.0	32.0	33.0	34.0	35.0	36.0	37.0
NS.1223.004.NEBNext_dual_i7_B8---NEBNext_dual_i5_B8.05_13_vHIP_R2	1.0	3.0	5.0	17.0	28.0	104.0	269.0	484.0	786.0	1252.0	2226.0	3794.0	7053.0	13329.0	23747.0	42184.0	65590.0	96939.0	133073.0	188856.0	264498.0	381138.0	552308.0	788700.0	1060518.0	1538719.0	2472469.0	6206069.0	35924187.0	9680952.0
	17.0	18.0	19.0	20.0	21.0	22.0	23.0	24.0	25.0	26.0	27.0	28.0	29.0	30.0	31.0	32.0	33.0	34.0	35.0	36.0	37.0
NS.1223.004.NEBNext_dual_i7_B9---NEBNext_dual_i5_B9.01_09_dHIP_R1	4.0	26.0	62.0	223.0	627.0	1841.0	5532.0	13907.0	33117.0	66962.0	128963.0	224754.0	372431.0	578325.0	840435.0	1082574.0	1420923.0	1940749.0	3685662.0	29538073.0	12653986.0
	6.0	7.0	8.0	9.0	10.0	11.0	12.0	13.0	14.0	15.0	16.0	17.0	18.0	19.0	20.0	21.0	22.0	23.0	24.0	25.0	26.0	27.0	28.0	29.0	30.0	31.0	32.0	33.0	34.0	35.0	36.0	37.0
NS.1223.004.NEBNext_dual_i7_B9---NEBNext_dual_i5_B9.01_09_dHIP_R2	2.0	2.0	3.0	5.0	7.0	21.0	19.0	66.0	197.0	320.0	572.0	974.0	1683.0	3108.0	5872.0	11055.0	20567.0	36543.0	57296.0	84217.0	113448.0	159555.0	219759.0	316009.0	458058.0	658609.0	888877.0	1299365.0	2083796.0	5202860.0	31762644.0	9203667.0
	17.0	18.0	19.0	20.0	21.0	22.0	23.0	24.0	25.0	26.0	27.0	28.0	29.0	30.0	31.0	32.0	33.0	34.0	35.0	36.0	37.0
NS.1223.004.NEBNext_dual_i7_C1---NEBNext_dual_i5_C1.16_38_dHIP_R1	3.0	15.0	46.0	134.0	343.0	985.0	2950.0	7680.0	19178.0	40600.0	80631.0	142680.0	240448.0	374869.0	551418.0	716946.0	949383.0	1315704.0	2574758.0	20057949.0	7650512.0
	7.0	8.0	9.0	10.0	11.0	12.0	13.0	14.0	15.0	16.0	17.0	18.0	19.0	20.0	21.0	22.0	23.0	24.0	25.0	26.0	27.0	28.0	29.0	30.0	31.0	32.0	33.0	34.0	35.0	36.0	37.0
NS.1223.004.NEBNext_dual_i7_C1---NEBNext_dual_i5_C1.16_38_dHIP_R2	3.0	0.0	4.0	8.0	11.0	13.0	43.0	110.0	164.0	262.0	521.0	1031.0	1699.0	3190.0	6571.0	12947.0	23997.0	39044.0	59543.0	83808.0	118876.0	165263.0	236982.0	341395.0	486127.0	651615.0	955206.0	1565772.0	4058836.0	20729778.0	5184413.0
	16.0	17.0	18.0	19.0	20.0	21.0	22.0	23.0	24.0	25.0	26.0	27.0	28.0	29.0	30.0	31.0	32.0	33.0	34.0	35.0	36.0	37.0
NS.1223.004.NEBNext_dual_i7_C2---NEBNext_dual_i5_C2.03_13_ACC_R1	1.0	3.0	13.0	34.0	127.0	310.0	881.0	2393.0	6460.0	15814.0	33710.0	68424.0	123229.0	208475.0	327012.0	482268.0	622578.0	821320.0	1136077.0	2230777.0	17289694.0	6512085.0
	8.0	9.0	10.0	11.0	12.0	13.0	14.0	15.0	16.0	17.0	18.0	19.0	20.0	21.0	22.0	23.0	24.0	25.0	26.0	27.0	28.0	29.0	30.0	31.0	32.0	33.0	34.0	35.0	36.0	37.0
NS.1223.004.NEBNext_dual_i7_C2---NEBNext_dual_i5_C2.03_13_ACC_R2	3.0	0.0	5.0	8.0	11.0	32.0	58.0	122.0	196.0	375.0	679.0	1194.0	2256.0	4592.0	8454.0	15176.0	24682.0	36890.0	52100.0	75147.0	106673.0	156702.0	229980.0	338573.0	464536.0	691104.0	1121423.0	2817286.0	18118094.0	5615334.0
	16.0	17.0	18.0	19.0	20.0	21.0	22.0	23.0	24.0	25.0	26.0	27.0	28.0	29.0	30.0	31.0	32.0	33.0	34.0	35.0	36.0	37.0
NS.1223.004.NEBNext_dual_i7_C3---NEBNext_dual_i5_C3.07_26_vHIP_R1	1.0	9.0	28.0	61.0	172.0	607.0	1600.0	4882.0	12652.0	30462.0	62416.0	120876.0	209676.0	346780.0	534819.0	775049.0	995085.0	1300869.0	1786248.0	3436873.0	26722270.0	10843978.0
	8.0	9.0	10.0	11.0	12.0	13.0	14.0	15.0	16.0	17.0	18.0	19.0	20.0	21.0	22.0	23.0	24.0	25.0	26.0	27.0	28.0	29.0	30.0	31.0	32.0	33.0	34.0	35.0	36.0	37.0
NS.1223.004.NEBNext_dual_i7_C3---NEBNext_dual_i5_C3.07_26_vHIP_R2	3.0	3.0	9.0	9.0	25.0	70.0	175.0	295.0	451.0	765.0	1399.0	2372.0	4386.0	8485.0	14867.0	25417.0	39450.0	56432.0	77732.0	109060.0	151842.0	220575.0	326793.0	476800.0	660910.0	980819.0	1587266.0	3894346.0	28121103.0	10423554.0
	17.0	18.0	19.0	20.0	21.0	22.0	23.0	24.0	25.0	26.0	27.0	28.0	29.0	30.0	31.0	32.0	33.0	34.0	35.0	36.0	37.0
NS.1223.004.NEBNext_dual_i7_C4---NEBNext_dual_i5_C4.23_38_dHIP_R1	1.0	8.0	28.0	99.0	349.0	951.0	2870.0	7442.0	17682.0	37085.0	72868.0	129720.0	216616.0	336434.0	492594.0	636473.0	836992.0	1150076.0	2216964.0	17177692.0	6947119.0
	7.0	8.0	9.0	10.0	11.0	12.0	13.0	14.0	15.0	16.0	17.0	18.0	19.0	20.0	21.0	22.0	23.0	24.0	25.0	26.0	27.0	28.0	29.0	30.0	31.0	32.0	33.0	34.0	35.0	36.0	37.0
NS.1223.004.NEBNext_dual_i7_C4---NEBNext_dual_i5_C4.23_38_dHIP_R2	1.0	0.0	3.0	2.0	7.0	19.0	50.0	100.0	184.0	288.0	546.0	924.0	1616.0	2997.0	5715.0	10111.0	17471.0	26371.0	39271.0	52969.0	75138.0	105567.0	153436.0	225677.0	329747.0	455034.0	677681.0	1100177.0	2751376.0	18275387.0	5972198.0
	15.0	16.0	17.0	18.0	19.0	20.0	21.0	22.0	23.0	24.0	25.0	26.0	27.0	28.0	29.0	30.0	31.0	32.0	33.0	34.0	35.0	36.0	37.0
NS.1223.004.NEBNext_dual_i7_C5---NEBNext_dual_i5_C5.19_26_ACC_R1	1.0	0.0	3.0	18.0	39.0	140.0	386.0	1149.0	3610.0	9159.0	21866.0	45225.0	88046.0	155101.0	256677.0	399251.0	581454.0	747360.0	974322.0	1332089.0	2553252.0	20582762.0	8537740.0
	9.0	10.0	11.0	12.0	13.0	14.0	15.0	16.0	17.0	18.0	19.0	20.0	21.0	22.0	23.0	24.0	25.0	26.0	27.0	28.0	29.0	30.0	31.0	32.0	33.0	34.0	35.0	36.0	37.0
NS.1223.004.NEBNext_dual_i7_C5---NEBNext_dual_i5_C5.19_26_ACC_R2	1.0	5.0	5.0	13.0	39.0	125.0	204.0	335.0	576.0	1045.0	1950.0	3618.0	7080.0	12946.0	22966.0	35864.0	53566.0	73526.0	104090.0	145383.0	208774.0	304823.0	436769.0	592049.0	861954.0	1376088.0	3387705.0	21660885.0	6997266.0
	16.0	17.0	18.0	19.0	20.0	21.0	22.0	23.0	24.0	25.0	26.0	27.0	28.0	29.0	30.0	31.0	32.0	33.0	34.0	35.0	36.0	37.0
NS.1223.004.NEBNext_dual_i7_C6---NEBNext_dual_i5_C6.24_32_vHIP_R1	1.0	1.0	13.0	26.0	100.0	322.0	969.0	2760.0	7108.0	17374.0	36101.0	70934.0	125043.0	206929.0	321354.0	466580.0	597287.0	776616.0	1060315.0	2013241.0	16042028.0	6642147.0
	9.0	10.0	11.0	12.0	13.0	14.0	15.0	16.0	17.0	18.0	19.0	20.0	21.0	22.0	23.0	24.0	25.0	26.0	27.0	28.0	29.0	30.0	31.0	32.0	33.0	34.0	35.0	36.0	37.0
NS.1223.004.NEBNext_dual_i7_C6---NEBNext_dual_i5_C6.24_32_vHIP_R2	1.0	5.0	5.0	14.0	22.0	75.0	104.0	207.0	329.0	671.0	1109.0	2247.0	4501.0	8483.0	15531.0	25391.0	37662.0	51948.0	74360.0	104855.0	152648.0	223699.0	325271.0	446163.0	651604.0	1044682.0	2575352.0	17012152.0	5628158.0
	17.0	18.0	19.0	20.0	21.0	22.0	23.0	24.0	25.0	26.0	27.0	28.0	29.0	30.0	31.0	32.0	33.0	34.0	35.0	36.0	37.0
NS.1223.004.NEBNext_dual_i7_C7---NEBNext_dual_i5_C7.07_09_dHIP_R1	1.0	8.0	66.0	203.0	484.0	1320.0	3626.0	9663.0	23856.0	50625.0	102635.0	184480.0	311737.0	489005.0	716543.0	928479.0	1226028.0	1695332.0	3302157.0	26228633.0	10313065.0
	5.0	6.0	7.0	8.0	9.0	10.0	11.0	12.0	13.0	14.0	15.0	16.0	17.0	18.0	19.0	20.0	21.0	22.0	23.0	24.0	25.0	26.0	27.0	28.0	29.0	30.0	31.0	32.0	33.0	34.0	35.0	36.0	37.0
NS.1223.004.NEBNext_dual_i7_C7---NEBNext_dual_i5_C7.07_09_dHIP_R2	1.0	1.0	0.0	2.0	1.0	2.0	3.0	23.0	50.0	156.0	238.0	346.0	600.0	1190.0	2113.0	3914.0	7708.0	14603.0	26688.0	42757.0	65695.0	90920.0	130366.0	185149.0	266224.0	387730.0	557070.0	755148.0	1106574.0	1786318.0	4492357.0	27484040.0	8179959.0
	17.0	18.0	19.0	20.0	21.0	22.0	23.0	24.0	25.0	26.0	27.0	28.0	29.0	30.0	31.0	32.0	33.0	34.0	35.0	36.0	37.0
NS.1223.004.NEBNext_dual_i7_C8---NEBNext_dual_i5_C8.06_38_ACC_R1	1.0	13.0	36.0	98.0	272.0	788.0	2094.0	5365.0	13087.0	28416.0	59240.0	108814.0	190170.0	304144.0	454224.0	595750.0	790508.0	1088294.0	2088192.0	16963845.0	7023502.0
	9.0	10.0	11.0	12.0	13.0	14.0	15.0	16.0	17.0	18.0	19.0	20.0	21.0	22.0	23.0	24.0	25.0	26.0	27.0	28.0	29.0	30.0	31.0	32.0	33.0	34.0	35.0	36.0	37.0
NS.1223.004.NEBNext_dual_i7_C8---NEBNext_dual_i5_C8.06_38_ACC_R2	2.0	4.0	13.0	12.0	51.0	105.0	176.0	301.0	528.0	1009.0	1779.0	3145.0	6060.0	10478.0	18175.0	28925.0	43020.0	60590.0	86646.0	123017.0	178775.0	261112.0	376908.0	509342.0	743277.0	1186446.0	2958785.0	18033510.0	5084662.0
	16.0	17.0	18.0	19.0	20.0	21.0	22.0	23.0	24.0	25.0	26.0	27.0	28.0	29.0	30.0	31.0	32.0	33.0	34.0	35.0	36.0	37.0
NS.1223.004.NEBNext_dual_i7_C9---NEBNext_dual_i5_C9.01_09_vHIP_R1	1.0	3.0	13.0	34.0	91.0	319.0	860.0	2643.0	6759.0	16534.0	35441.0	70097.0	125197.0	210102.0	325506.0	475107.0	611519.0	802799.0	1104045.0	2135293.0	16716738.0	6609582.0
	8.0	9.0	10.0	11.0	12.0	13.0	14.0	15.0	16.0	17.0	18.0	19.0	20.0	21.0	22.0	23.0	24.0	25.0	26.0	27.0	28.0	29.0	30.0	31.0	32.0	33.0	34.0	35.0	36.0	37.0
NS.1223.004.NEBNext_dual_i7_C9---NEBNext_dual_i5_C9.01_09_vHIP_R2	1.0	3.0	1.0	6.0	13.0	39.0	112.0	209.0	299.0	539.0	962.0	1656.0	3102.0	5958.0	10820.0	18766.0	29340.0	43702.0	60513.0	86144.0	120648.0	173221.0	252219.0	361812.0	490014.0	713530.0	1145638.0	2869595.0	17577085.0	5282736.0
	17.0	18.0	19.0	20.0	21.0	22.0	23.0	24.0	25.0	26.0	27.0	28.0	29.0	30.0	31.0	32.0	33.0	34.0	35.0	36.0	37.0
NS.1223.004.NEBNext_dual_i7_D1---NEBNext_dual_i5_D1.16_38_vHIP_R1	3.0	15.0	32.0	111.0	378.0	1056.0	2992.0	7945.0	19184.0	40181.0	80500.0	143793.0	241788.0	375853.0	550627.0	710079.0	933043.0	1280828.0	2442265.0	19481509.0	8121613.0
	8.0	9.0	10.0	11.0	12.0	13.0	14.0	15.0	16.0	17.0	18.0	19.0	20.0	21.0	22.0	23.0	24.0	25.0	26.0	27.0	28.0	29.0	30.0	31.0	32.0	33.0	34.0	35.0	36.0	37.0
NS.1223.004.NEBNext_dual_i7_D1---NEBNext_dual_i5_D1.16_38_vHIP_R2	1.0	2.0	3.0	6.0	8.0	35.0	147.0	212.0	381.0	625.0	1122.0	2030.0	3743.0	6888.0	12804.0	22766.0	35162.0	52079.0	71739.0	101624.0	141933.0	204766.0	297651.0	427474.0	578948.0	849248.0	1363261.0	3428996.0	20764891.0	6065250.0
	17.0	18.0	19.0	20.0	21.0	22.0	23.0	24.0	25.0	26.0	27.0	28.0	29.0	30.0	31.0	32.0	33.0	34.0	35.0	36.0	37.0
NS.1223.004.NEBNext_dual_i7_D2---NEBNext_dual_i5_D2.03_13_dHIP_R1	6.0	18.0	70.0	182.0	565.0	1616.0	4651.0	12722.0	30758.0	64807.0	128332.0	228786.0	382174.0	596500.0	873617.0	1126430.0	1481418.0	2029714.0	3881248.0	30584800.0	12586530.0
	6.0	7.0	8.0	9.0	10.0	11.0	12.0	13.0	14.0	15.0	16.0	17.0	18.0	19.0	20.0	21.0	22.0	23.0	24.0	25.0	26.0	27.0	28.0	29.0	30.0	31.0	32.0	33.0	34.0	35.0	36.0	37.0
NS.1223.004.NEBNext_dual_i7_D2---NEBNext_dual_i5_D2.03_13_dHIP_R2	1.0	2.0	1.0	2.0	4.0	12.0	17.0	45.0	179.0	233.0	421.0	760.0	1278.0	2362.0	4387.0	8789.0	15960.0	29142.0	46323.0	69271.0	96030.0	137283.0	193887.0	281849.0	415677.0	603695.0	830687.0	1225627.0	1969508.0	4824959.0	32312234.0	10944319.0
	17.0	18.0	19.0	20.0	21.0	22.0	23.0	24.0	25.0	26.0	27.0	28.0	29.0	30.0	31.0	32.0	33.0	34.0	35.0	36.0	37.0
NS.1223.004.NEBNext_dual_i7_D3---NEBNext_dual_i5_D3.14_35_ACC_R1	4.0	18.0	46.0	132.0	370.0	1133.0	3296.0	8544.0	20200.0	41031.0	78936.0	136599.0	229484.0	354319.0	519353.0	668871.0	878025.0	1210918.0	2364373.0	18345639.0	7056841.0
	8.0	9.0	10.0	11.0	12.0	13.0	14.0	15.0	16.0	17.0	18.0	19.0	20.0	21.0	22.0	23.0	24.0	25.0	26.0	27.0	28.0	29.0	30.0	31.0	32.0	33.0	34.0	35.0	36.0	37.0
NS.1223.004.NEBNext_dual_i7_D3---NEBNext_dual_i5_D3.14_35_ACC_R2	2.0	1.0	3.0	6.0	22.0	45.0	112.0	192.0	336.0	594.0	1109.0	1892.0	3373.0	6424.0	11641.0	20869.0	32521.0	48414.0	65824.0	93326.0	129320.0	187112.0	271543.0	390453.0	533099.0	780326.0	1269932.0	3232781.0	19332027.0	5504833.0
	17.0	18.0	19.0	20.0	21.0	22.0	23.0	24.0	25.0	26.0	27.0	28.0	29.0	30.0	31.0	32.0	33.0	34.0	35.0	36.0	37.0
NS.1223.004.NEBNext_dual_i7_D4---NEBNext_dual_i5_D4.23_38_vHIP_R1	4.0	9.0	24.0	101.0	298.0	940.0	2641.0	6910.0	16103.0	33261.0	64995.0	113757.0	190155.0	293755.0	431524.0	555087.0	726847.0	997836.0	1905840.0	15328443.0	6246370.0
	9.0	10.0	11.0	12.0	13.0	14.0	15.0	16.0	17.0	18.0	19.0	20.0	21.0	22.0	23.0	24.0	25.0	26.0	27.0	28.0	29.0	30.0	31.0	32.0	33.0	34.0	35.0	36.0	37.0
NS.1223.004.NEBNext_dual_i7_D4---NEBNext_dual_i5_D4.23_38_vHIP_R2	3.0	3.0	5.0	8.0	29.0	71.0	119.0	173.0	315.0	591.0	1023.0	2114.0	4233.0	8308.0	15442.0	24938.0	37269.0	51934.0	73272.0	103023.0	149567.0	218947.0	316900.0	432668.0	635392.0	1030540.0	2643443.0	16356154.0	4808416.0
	15.0	16.0	17.0	18.0	19.0	20.0	21.0	22.0	23.0	24.0	25.0	26.0	27.0	28.0	29.0	30.0	31.0	32.0	33.0	34.0	35.0	36.0	37.0
NS.1223.004.NEBNext_dual_i7_D5---NEBNext_dual_i5_D5.19_26_dHIP_R1	1.0	1.0	2.0	9.0	27.0	87.0	277.0	873.0	2690.0	6652.0	15986.0	32604.0	63148.0	110986.0	183664.0	286427.0	418421.0	540487.0	710606.0	977150.0	1865006.0	14526445.0	6160172.0
	8.0	9.0	10.0	11.0	12.0	13.0	14.0	15.0	16.0	17.0	18.0	19.0	20.0	21.0	22.0	23.0	24.0	25.0	26.0	27.0	28.0	29.0	30.0	31.0	32.0	33.0	34.0	35.0	36.0	37.0
NS.1223.004.NEBNext_dual_i7_D5---NEBNext_dual_i5_D5.19_26_dHIP_R2	1.0	1.0	5.0	12.0	9.0	34.0	125.0	181.0	320.0	561.0	989.0	1680.0	3031.0	6165.0	11614.0	20783.0	32927.0	49086.0	67290.0	95488.0	131732.0	187536.0	268082.0	381109.0	509051.0	748382.0	1239966.0	3271269.0	15370640.0	3503652.0
	16.0	17.0	18.0	19.0	20.0	21.0	22.0	23.0	24.0	25.0	26.0	27.0	28.0	29.0	30.0	31.0	32.0	33.0	34.0	35.0	36.0	37.0
NS.1223.004.NEBNext_dual_i7_D6---NEBNext_dual_i5_D6.21_38_ACC_R1	1.0	3.0	19.0	45.0	161.0	493.0	1462.0	4368.0	11332.0	27073.0	55439.0	106847.0	186025.0	310014.0	481904.0	704227.0	906376.0	1193221.0	1647853.0	3199485.0	24730633.0	9769940.0
	9.0	10.0	11.0	12.0	13.0	14.0	15.0	16.0	17.0	18.0	19.0	20.0	21.0	22.0	23.0	24.0	25.0	26.0	27.0	28.0	29.0	30.0	31.0	32.0	33.0	34.0	35.0	36.0	37.0
NS.1223.004.NEBNext_dual_i7_D6---NEBNext_dual_i5_D6.21_38_ACC_R2	3.0	5.0	9.0	20.0	52.0	85.0	178.0	306.0	596.0	1182.0	2146.0	4079.0	8207.0	15762.0	29022.0	46310.0	69731.0	95973.0	136934.0	190001.0	273241.0	394775.0	565698.0	761268.0	1117235.0	1830927.0	4743312.0	25948146.0	7101718.0
	16.0	17.0	18.0	19.0	20.0	21.0	22.0	23.0	24.0	25.0	26.0	27.0	28.0	29.0	30.0	31.0	32.0	33.0	34.0	35.0	36.0	37.0
NS.1223.004.NEBNext_dual_i7_D7---NEBNext_dual_i5_D7.07_09_vHIP_R1	1.0	3.0	12.0	42.0	99.0	331.0	985.0	2751.0	7242.0	17702.0	36241.0	71287.0	125159.0	208913.0	325282.0	475418.0	608803.0	801952.0	1104774.0	2129396.0	16428201.0	6509832.0
	8.0	9.0	10.0	11.0	12.0	13.0	14.0	15.0	16.0	17.0	18.0	19.0	20.0	21.0	22.0	23.0	24.0	25.0	26.0	27.0	28.0	29.0	30.0	31.0	32.0	33.0	34.0	35.0	36.0	37.0
NS.1223.004.NEBNext_dual_i7_D7---NEBNext_dual_i5_D7.07_09_vHIP_R2	1.0	1.0	6.0	3.0	7.0	36.0	98.0	192.0	284.0	520.0	923.0	1638.0	3004.0	5711.0	10153.0	17658.0	27325.0	40301.0	54680.0	77281.0	107926.0	154784.0	227319.0	329509.0	451447.0	661594.0	1065613.0	2672541.0	17425826.0	5518045.0
	17.0	18.0	19.0	20.0	21.0	22.0	23.0	24.0	25.0	26.0	27.0	28.0	29.0	30.0	31.0	32.0	33.0	34.0	35.0	36.0	37.0
NS.1223.004.NEBNext_dual_i7_D8---NEBNext_dual_i5_D8.06_38_dHIP_R1	1.0	15.0	44.0	126.0	421.0	1115.0	3212.0	8437.0	20574.0	43453.0	88403.0	158406.0	268861.0	421437.0	621550.0	803243.0	1057637.0	1454123.0	2776827.0	21723838.0	8750044.0
	8.0	9.0	10.0	11.0	12.0	13.0	14.0	15.0	16.0	17.0	18.0	19.0	20.0	21.0	22.0	23.0	24.0	25.0	26.0	27.0	28.0	29.0	30.0	31.0	32.0	33.0	34.0	35.0	36.0	37.0
NS.1223.004.NEBNext_dual_i7_D8---NEBNext_dual_i5_D8.06_38_dHIP_R2	1.0	3.0	4.0	9.0	17.0	48.0	119.0	228.0	298.0	577.0	1132.0	1842.0	3392.0	6595.0	12213.0	21919.0	34686.0	51494.0	70673.0	102063.0	143705.0	209274.0	308866.0	448410.0	613703.0	903940.0	1456320.0	3641425.0	23184546.0	6984265.0
	17.0	18.0	19.0	20.0	21.0	22.0	23.0	24.0	25.0	26.0	27.0	28.0	29.0	30.0	31.0	32.0	33.0	34.0	35.0	36.0	37.0
NS.1223.004.NEBNext_dual_i7_D9---NEBNext_dual_i5_D9.03_15_ACC_R1	1.0	10.0	29.0	83.0	296.0	790.0	2463.0	6293.0	15581.0	31378.0	61779.0	108918.0	181345.0	281371.0	413389.0	528499.0	693961.0	948365.0	1811720.0	14591867.0	6011264.0
	8.0	9.0	10.0	11.0	12.0	13.0	14.0	15.0	16.0	17.0	18.0	19.0	20.0	21.0	22.0	23.0	24.0	25.0	26.0	27.0	28.0	29.0	30.0	31.0	32.0	33.0	34.0	35.0	36.0	37.0
NS.1223.004.NEBNext_dual_i7_D9---NEBNext_dual_i5_D9.03_15_ACC_R2	1.0	1.0	2.0	6.0	9.0	30.0	66.0	164.0	239.0	429.0	815.0	1335.0	2640.0	5097.0	9100.0	16123.0	25513.0	36940.0	50906.0	71977.0	100815.0	145298.0	211197.0	306565.0	416208.0	608327.0	979924.0	2440275.0	15485733.0	4773667.0
	17.0	18.0	19.0	20.0	21.0	22.0	23.0	24.0	25.0	26.0	27.0	28.0	29.0	30.0	31.0	32.0	33.0	34.0	35.0	36.0	37.0
NS.1223.004.NEBNext_dual_i7_E1---NEBNext_dual_i5_E1.27_32_ACC_R1	2.0	11.0	44.0	95.0	313.0	867.0	2504.0	6494.0	15995.0	33954.0	68780.0	123056.0	208177.0	324426.0	474395.0	611187.0	800919.0	1099602.0	2114514.0	16542817.0	6813889.0
	4.0	5.0	6.0	7.0	8.0	9.0	10.0	11.0	12.0	13.0	14.0	15.0	16.0	17.0	18.0	19.0	20.0	21.0	22.0	23.0	24.0	25.0	26.0	27.0	28.0	29.0	30.0	31.0	32.0	33.0	34.0	35.0	36.0	37.0
NS.1223.004.NEBNext_dual_i7_E1---NEBNext_dual_i5_E1.27_32_ACC_R2	1.0	0.0	0.0	2.0	1.0	4.0	5.0	6.0	6.0	35.0	127.0	211.0	305.0	517.0	953.0	1775.0	3190.0	5886.0	10181.0	17133.0	26458.0	38708.0	52444.0	74924.0	105083.0	153914.0	225375.0	329367.0	452610.0	669737.0	1076868.0	2643772.0	17449490.0	5902953.0
	17.0	18.0	19.0	20.0	21.0	22.0	23.0	24.0	25.0	26.0	27.0	28.0	29.0	30.0	31.0	32.0	33.0	34.0	35.0	36.0	37.0
NS.1223.004.NEBNext_dual_i7_E2---NEBNext_dual_i5_E2.03_13_vHIP_R1	2.0	24.0	29.0	136.0	402.0	1187.0	3481.0	8910.0	21706.0	45349.0	89271.0	157510.0	262656.0	408455.0	598771.0	769359.0	1008346.0	1382013.0	2643606.0	21075901.0	8555312.0
	9.0	10.0	11.0	12.0	13.0	14.0	15.0	16.0	17.0	18.0	19.0	20.0	21.0	22.0	23.0	24.0	25.0	26.0	27.0	28.0	29.0	30.0	31.0	32.0	33.0	34.0	35.0	36.0	37.0
NS.1223.004.NEBNext_dual_i7_E2---NEBNext_dual_i5_E2.03_13_vHIP_R2	1.0	8.0	9.0	16.0	39.0	119.0	183.0	318.0	534.0	995.0	1755.0	3314.0	6729.0	12960.0	24689.0	39729.0	60634.0	84169.0	120816.0	168359.0	241486.0	350311.0	495267.0	664577.0	965174.0	1561309.0	3992970.0	22219514.0	6016442.0
	17.0	18.0	19.0	20.0	21.0	22.0	23.0	24.0	25.0	26.0	27.0	28.0	29.0	30.0	31.0	32.0	33.0	34.0	35.0	36.0	37.0
NS.1223.004.NEBNext_dual_i7_E3---NEBNext_dual_i5_E3.14_35_dHIP_R1	5.0	31.0	65.0	202.0	657.0	1981.0	5821.0	15051.0	35687.0	72180.0	140884.0	245796.0	408202.0	633758.0	923579.0	1192332.0	1567688.0	2148571.0	4124134.0	32712838.0	13237303.0
	7.0	8.0	9.0	10.0	11.0	12.0	13.0	14.0	15.0	16.0	17.0	18.0	19.0	20.0	21.0	22.0	23.0	24.0	25.0	26.0	27.0	28.0	29.0	30.0	31.0	32.0	33.0	34.0	35.0	36.0	37.0
NS.1223.004.NEBNext_dual_i7_E3---NEBNext_dual_i5_E3.14_35_dHIP_R2	1.0	1.0	3.0	4.0	15.0	25.0	83.0	237.0	468.0	738.0	1175.0	1963.0	3521.0	6307.0	11815.0	20967.0	36072.0	54586.0	79658.0	106870.0	149871.0	208320.0	301211.0	440018.0	640421.0	881784.0	1305965.0	2118132.0	5297526.0	34978555.0	10820453.0
	17.0	18.0	19.0	20.0	21.0	22.0	23.0	24.0	25.0	26.0	27.0	28.0	29.0	30.0	31.0	32.0	33.0	34.0	35.0	36.0	37.0
NS.1223.004.NEBNext_dual_i7_E4---NEBNext_dual_i5_E4.04_09_ACC_R1	1.0	15.0	41.0	127.0	429.0	1179.0	3415.0	8796.0	20650.0	42762.0	83821.0	147034.0	246326.0	383506.0	562561.0	722980.0	944481.0	1289133.0	2403083.0	19342582.0	8956292.0
	9.0	10.0	11.0	12.0	13.0	14.0	15.0	16.0	17.0	18.0	19.0	20.0	21.0	22.0	23.0	24.0	25.0	26.0	27.0	28.0	29.0	30.0	31.0	32.0	33.0	34.0	35.0	36.0	37.0
NS.1223.004.NEBNext_dual_i7_E4---NEBNext_dual_i5_E4.04_09_ACC_R2	3.0	6.0	7.0	14.0	61.0	205.0	336.0	432.0	734.0	1161.0	1924.0	3664.0	6841.0	12341.0	21917.0	33999.0	49971.0	67606.0	96062.0	133957.0	194480.0	283540.0	411057.0	559296.0	821785.0	1315415.0	3269356.0	21382568.0	6490476.0
	16.0	17.0	18.0	19.0	20.0	21.0	22.0	23.0	24.0	25.0	26.0	27.0	28.0	29.0	30.0	31.0	32.0	33.0	34.0	35.0	36.0	37.0
NS.1223.004.NEBNext_dual_i7_E5---NEBNext_dual_i5_E5.19_26_vHIP_R1	1.0	1.0	16.0	41.0	124.0	369.0	1065.0	3239.0	8244.0	20210.0	42350.0	83396.0	147496.0	247649.0	383757.0	560108.0	722796.0	947894.0	1304671.0	2512960.0	19905425.0	8079595.0
	10.0	11.0	12.0	13.0	14.0	15.0	16.0	17.0	18.0	19.0	20.0	21.0	22.0	23.0	24.0	25.0	26.0	27.0	28.0	29.0	30.0	31.0	32.0	33.0	34.0	35.0	36.0	37.0
NS.1223.004.NEBNext_dual_i7_E5---NEBNext_dual_i5_E5.19_26_vHIP_R2	5.0	10.0	14.0	55.0	160.0	280.0	442.0	783.0	1298.0	2287.0	4255.0	7851.0	13756.0	24075.0	37736.0	55671.0	76235.0	107198.0	149425.0	215077.0	310601.0	445501.0	602176.0	879539.0	1425266.0	3586489.0	20947231.0	6077991.0
	16.0	17.0	18.0	19.0	20.0	21.0	22.0	23.0	24.0	25.0	26.0	27.0	28.0	29.0	30.0	31.0	32.0	33.0	34.0	35.0	36.0	37.0
NS.1223.004.NEBNext_dual_i7_E6---NEBNext_dual_i5_E6.21_38_dHIP_R1	1.0	3.0	9.0	30.0	122.0	311.0	1015.0	2916.0	7682.0	18225.0	36260.0	70076.0	121930.0	203044.0	316273.0	462691.0	597842.0	786836.0	1083200.0	2089326.0	16691481.0	6693145.0
	9.0	10.0	11.0	12.0	13.0	14.0	15.0	16.0	17.0	18.0	19.0	20.0	21.0	22.0	23.0	24.0	25.0	26.0	27.0	28.0	29.0	30.0	31.0	32.0	33.0	34.0	35.0	36.0	37.0
NS.1223.004.NEBNext_dual_i7_E6---NEBNext_dual_i5_E6.21_38_dHIP_R2	3.0	3.0	10.0	9.0	37.0	109.0	176.0	315.0	567.0	1060.0	1930.0	3484.0	7057.0	13499.0	25021.0	39556.0	59129.0	79562.0	111800.0	153087.0	215972.0	307368.0	431835.0	571022.0	825246.0	1344527.0	3464586.0	17280037.0	4245411.0
	17.0	18.0	19.0	20.0	21.0	22.0	23.0	24.0	25.0	26.0	27.0	28.0	29.0	30.0	31.0	32.0	33.0	34.0	35.0	36.0	37.0
NS.1223.004.NEBNext_dual_i7_E7---NEBNext_dual_i5_E7.25_31_ACC_R1	2.0	13.0	33.0	90.0	265.0	705.0	1979.0	5027.0	12260.0	26295.0	54040.0	97969.0	168339.0	266922.0	395969.0	516805.0	683695.0	942481.0	1827793.0	14660527.0	5948543.0
	8.0	9.0	10.0	11.0	12.0	13.0	14.0	15.0	16.0	17.0	18.0	19.0	20.0	21.0	22.0	23.0	24.0	25.0	26.0	27.0	28.0	29.0	30.0	31.0	32.0	33.0	34.0	35.0	36.0	37.0
NS.1223.004.NEBNext_dual_i7_E7---NEBNext_dual_i5_E7.25_31_ACC_R2	1.0	1.0	4.0	7.0	11.0	27.0	90.0	170.0	266.0	382.0	765.0	1225.0	2438.0	4404.0	7923.0	13417.0	20862.0	31118.0	42994.0	61475.0	87633.0	128378.0	190400.0	277107.0	382968.0	568121.0	922383.0	2299797.0	15498043.0	5067342.0
	16.0	17.0	18.0	19.0	20.0	21.0	22.0	23.0	24.0	25.0	26.0	27.0	28.0	29.0	30.0	31.0	32.0	33.0	34.0	35.0	36.0	37.0
NS.1223.004.NEBNext_dual_i7_E8---NEBNext_dual_i5_E8.06_38_vHIP_R1	1.0	1.0	11.0	65.0	180.0	451.0	1279.0	3874.0	10364.0	24862.0	51342.0	101183.0	177561.0	295599.0	455592.0	664290.0	851991.0	1119838.0	1538522.0	2993680.0	23477298.0	9024585.0
	4.0	5.0	6.0	7.0	8.0	9.0	10.0	11.0	12.0	13.0	14.0	15.0	16.0	17.0	18.0	19.0	20.0	21.0	22.0	23.0	24.0	25.0	26.0	27.0	28.0	29.0	30.0	31.0	32.0	33.0	34.0	35.0	36.0	37.0
NS.1223.004.NEBNext_dual_i7_E8---NEBNext_dual_i5_E8.06_38_vHIP_R2	1.0	0.0	0.0	2.0	2.0	5.0	6.0	12.0	13.0	46.0	114.0	219.0	386.0	688.0	1211.0	2234.0	4358.0	8091.0	14534.0	25968.0	40784.0	60523.0	81951.0	116649.0	164016.0	235632.0	344655.0	493494.0	670925.0	984948.0	1590017.0	4037187.0	24506955.0	7406943.0
	17.0	18.0	19.0	20.0	21.0	22.0	23.0	24.0	25.0	26.0	27.0	28.0	29.0	30.0	31.0	32.0	33.0	34.0	35.0	36.0	37.0
NS.1223.004.NEBNext_dual_i7_E9---NEBNext_dual_i5_E9.03_15_dHIP_R1	2.0	9.0	37.0	102.0	338.0	1043.0	3007.0	7838.0	18493.0	37370.0	72368.0	125294.0	209256.0	324181.0	475487.0	610577.0	797678.0	1093922.0	2078415.0	16499727.0	6871233.0
	8.0	9.0	10.0	11.0	12.0	13.0	14.0	15.0	16.0	17.0	18.0	19.0	20.0	21.0	22.0	23.0	24.0	25.0	26.0	27.0	28.0	29.0	30.0	31.0	32.0	33.0	34.0	35.0	36.0	37.0
NS.1223.004.NEBNext_dual_i7_E9---NEBNext_dual_i5_E9.03_15_dHIP_R2	1.0	1.0	6.0	7.0	15.0	33.0	106.0	186.0	327.0	571.0	998.0	1668.0	3328.0	6130.0	11343.0	19972.0	31589.0	46022.0	62072.0	87028.0	121984.0	174568.0	252579.0	363935.0	492707.0	722655.0	1167638.0	2971518.0	17675109.0	5012281.0
	17.0	18.0	19.0	20.0	21.0	22.0	23.0	24.0	25.0	26.0	27.0	28.0	29.0	30.0	31.0	32.0	33.0	34.0	35.0	36.0	37.0
NS.1223.004.NEBNext_dual_i7_F1---NEBNext_dual_i5_F1.27_32_dHIP_R1	1.0	9.0	36.0	94.0	329.0	915.0	2805.0	7144.0	17295.0	34967.0	68452.0	119607.0	199222.0	309072.0	452865.0	584109.0	768933.0	1057530.0	2036436.0	15693275.0	6201799.0
	10.0	11.0	12.0	13.0	14.0	15.0	16.0	17.0	18.0	19.0	20.0	21.0	22.0	23.0	24.0	25.0	26.0	27.0	28.0	29.0	30.0	31.0	32.0	33.0	34.0	35.0	36.0	37.0
NS.1223.004.NEBNext_dual_i7_F1---NEBNext_dual_i5_F1.27_32_dHIP_R2	5.0	4.0	12.0	36.0	118.0	154.0	252.0	500.0	919.0	1544.0	2887.0	5305.0	9595.0	16863.0	26304.0	38603.0	52734.0	74338.0	104691.0	151527.0	220276.0	319600.0	437798.0	647262.0	1055887.0	2716276.0	16814732.0	4856673.0
	16.0	17.0	18.0	19.0	20.0	21.0	22.0	23.0	24.0	25.0	26.0	27.0	28.0	29.0	30.0	31.0	32.0	33.0	34.0	35.0	36.0	37.0
NS.1223.004.NEBNext_dual_i7_F2---NEBNext_dual_i5_F2.08_09_ACC_R1	1.0	1.0	13.0	43.0	130.0	438.0	1238.0	3604.0	9292.0	21788.0	44038.0	84774.0	149084.0	247472.0	383662.0	563669.0	725000.0	950019.0	1299094.0	2480840.0	19866002.0	8222269.0
	6.0	7.0	8.0	9.0	10.0	11.0	12.0	13.0	14.0	15.0	16.0	17.0	18.0	19.0	20.0	21.0	22.0	23.0	24.0	25.0	26.0	27.0	28.0	29.0	30.0	31.0	32.0	33.0	34.0	35.0	36.0	37.0
NS.1223.004.NEBNext_dual_i7_F2---NEBNext_dual_i5_F2.08_09_ACC_R2	1.0	1.0	2.0	1.0	3.0	12.0	16.0	39.0	124.0	239.0	337.0	581.0	1059.0	1856.0	3493.0	6780.0	12348.0	21652.0	34105.0	49734.0	68124.0	96672.0	135258.0	194200.0	283860.0	410370.0	556951.0	816284.0	1314625.0	3296612.0	21162241.0	6584891.0
	17.0	18.0	19.0	20.0	21.0	22.0	23.0	24.0	25.0	26.0	27.0	28.0	29.0	30.0	31.0	32.0	33.0	34.0	35.0	36.0	37.0
NS.1223.004.NEBNext_dual_i7_F3---NEBNext_dual_i5_F3.14_35_vHIP_R1	4.0	11.0	32.0	95.0	289.0	880.0	2493.0	6343.0	15477.0	31583.0	61159.0	106977.0	177236.0	273515.0	398263.0	510304.0	668234.0	911135.0	1728980.0	14061804.0	6121718.0
	9.0	10.0	11.0	12.0	13.0	14.0	15.0	16.0	17.0	18.0	19.0	20.0	21.0	22.0	23.0	24.0	25.0	26.0	27.0	28.0	29.0	30.0	31.0	32.0	33.0	34.0	35.0	36.0	37.0
NS.1223.004.NEBNext_dual_i7_F3---NEBNext_dual_i5_F3.14_35_vHIP_R2	2.0	1.0	10.0	12.0	46.0	94.0	189.0	277.0	524.0	905.0	1595.0	2979.0	5366.0	9817.0	17157.0	26513.0	39536.0	54371.0	75922.0	104552.0	150600.0	217064.0	310518.0	420969.0	611668.0	982999.0	2501080.0	15093475.0	4448291.0
	17.0	18.0	19.0	20.0	21.0	22.0	23.0	24.0	25.0	26.0	27.0	28.0	29.0	30.0	31.0	32.0	33.0	34.0	35.0	36.0	37.0
NS.1223.004.NEBNext_dual_i7_F4---NEBNext_dual_i5_F4.04_09_dHIP_R1	4.0	8.0	27.0	72.0	244.0	700.0	1882.0	4957.0	11954.0	25302.0	50491.0	89402.0	150303.0	235203.0	344954.0	445112.0	588107.0	810187.0	1557373.0	12162868.0	4833422.0
	8.0	9.0	10.0	11.0	12.0	13.0	14.0	15.0	16.0	17.0	18.0	19.0	20.0	21.0	22.0	23.0	24.0	25.0	26.0	27.0	28.0	29.0	30.0	31.0	32.0	33.0	34.0	35.0	36.0	37.0
NS.1223.004.NEBNext_dual_i7_F4---NEBNext_dual_i5_F4.04_09_dHIP_R2	2.0	2.0	2.0	4.0	9.0	42.0	98.0	240.0	314.0	533.0	923.0	1492.0	2646.0	4879.0	8467.0	14702.0	22630.0	33199.0	45456.0	65087.0	90528.0	130871.0	189101.0	271368.0	365485.0	533090.0	857531.0	2159317.0	12856176.0	3658378.0
	17.0	18.0	19.0	20.0	21.0	22.0	23.0	24.0	25.0	26.0	27.0	28.0	29.0	30.0	31.0	32.0	33.0	34.0	35.0	36.0	37.0
NS.1223.004.NEBNext_dual_i7_F5---NEBNext_dual_i5_F5.13_09_ACC_R1	3.0	16.0	45.0	127.0	409.0	1198.0	3670.0	9318.0	21706.0	44643.0	85070.0	146661.0	242891.0	377357.0	550421.0	705077.0	927708.0	1272542.0	2460864.0	19310514.0	7757289.0
	9.0	10.0	11.0	12.0	13.0	14.0	15.0	16.0	17.0	18.0	19.0	20.0	21.0	22.0	23.0	24.0	25.0	26.0	27.0	28.0	29.0	30.0	31.0	32.0	33.0	34.0	35.0	36.0	37.0
NS.1223.004.NEBNext_dual_i7_F5---NEBNext_dual_i5_F5.13_09_ACC_R2	4.0	4.0	9.0	10.0	47.0	132.0	218.0	325.0	599.0	1108.0	1937.0	3530.0	6661.0	12239.0	21497.0	33761.0	49043.0	66480.0	93329.0	129777.0	186962.0	272421.0	394789.0	542248.0	799430.0	1302180.0	3290315.0	20475010.0	6233464.0
	17.0	18.0	19.0	20.0	21.0	22.0	23.0	24.0	25.0	26.0	27.0	28.0	29.0	30.0	31.0	32.0	33.0	34.0	35.0	36.0	37.0
NS.1223.004.NEBNext_dual_i7_F6---NEBNext_dual_i5_F6.21_38_vHIP_R1	1.0	15.0	44.0	120.0	358.0	1068.0	3230.0	8620.0	20703.0	43214.0	84410.0	148652.0	248310.0	383271.0	560831.0	719337.0	942734.0	1298755.0	2536753.0	19423994.0	7409780.0
	3.0	4.0	5.0	6.0	7.0	8.0	9.0	10.0	11.0	12.0	13.0	14.0	15.0	16.0	17.0	18.0	19.0	20.0	21.0	22.0	23.0	24.0	25.0	26.0	27.0	28.0	29.0	30.0	31.0	32.0	33.0	34.0	35.0	36.0	37.0
NS.1223.004.NEBNext_dual_i7_F6---NEBNext_dual_i5_F6.21_38_vHIP_R2	1.0	0.0	0.0	0.0	2.0	1.0	3.0	3.0	12.0	16.0	38.0	114.0	195.0	291.0	575.0	1002.0	1835.0	3357.0	6510.0	12036.0	20935.0	32931.0	48130.0	66077.0	94114.0	132283.0	191892.0	280111.0	405330.0	552729.0	809944.0	1300216.0	3235182.0	20485090.0	6153245.0
	16.0	17.0	18.0	19.0	20.0	21.0	22.0	23.0	24.0	25.0	26.0	27.0	28.0	29.0	30.0	31.0	32.0	33.0	34.0	35.0	36.0	37.0
NS.1223.004.NEBNext_dual_i7_F7---NEBNext_dual_i5_F7.25_31_dHIP_R1	1.0	3.0	14.0	42.0	124.0	437.0	1118.0	3605.0	9546.0	22504.0	45981.0	89550.0	154532.0	255009.0	394416.0	573069.0	735048.0	958550.0	1313824.0	2494172.0	19759833.0	8296004.0
	7.0	8.0	9.0	10.0	11.0	12.0	13.0	14.0	15.0	16.0	17.0	18.0	19.0	20.0	21.0	22.0	23.0	24.0	25.0	26.0	27.0	28.0	29.0	30.0	31.0	32.0	33.0	34.0	35.0	36.0	37.0
NS.1223.004.NEBNext_dual_i7_F7---NEBNext_dual_i5_F7.25_31_dHIP_R2	2.0	3.0	3.0	2.0	8.0	11.0	50.0	119.0	213.0	318.0	622.0	1103.0	1888.0	3592.0	7029.0	12487.0	21651.0	33646.0	48693.0	66563.0	93934.0	130157.0	187895.0	274850.0	397885.0	543655.0	798630.0	1282527.0	3175877.0	21162535.0	6861434.0
	18.0	19.0	20.0	21.0	22.0	23.0	24.0	25.0	26.0	27.0	28.0	29.0	30.0	31.0	32.0	33.0	34.0	35.0	36.0	37.0
NS.1223.004.NEBNext_dual_i7_F8---NEBNext_dual_i5_F8.11_09_ACC_R1	8.0	33.0	101.0	301.0	874.0	2666.0	7089.0	16592.0	33602.0	64342.0	112098.0	184822.0	286089.0	417245.0	537083.0	702554.0	963072.0	1865041.0	14817685.0	5796449.0
	7.0	8.0	9.0	10.0	11.0	12.0	13.0	14.0	15.0	16.0	17.0	18.0	19.0	20.0	21.0	22.0	23.0	24.0	25.0	26.0	27.0	28.0	29.0	30.0	31.0	32.0	33.0	34.0	35.0	36.0	37.0
NS.1223.004.NEBNext_dual_i7_F8---NEBNext_dual_i5_F8.11_09_ACC_R2	1.0	0.0	4.0	3.0	4.0	9.0	28.0	88.0	161.0	259.0	486.0	792.0	1486.0	2763.0	5176.0	9442.0	15961.0	24942.0	36235.0	48961.0	68985.0	95212.0	137115.0	202366.0	292888.0	401980.0	592849.0	958658.0	2396710.0	15513724.0	5000458.0
	17.0	18.0	19.0	20.0	21.0	22.0	23.0	24.0	25.0	26.0	27.0	28.0	29.0	30.0	31.0	32.0	33.0	34.0	35.0	36.0	37.0
NS.1223.004.NEBNext_dual_i7_F9---NEBNext_dual_i5_F9.03_15_vHIP_R1	4.0	26.0	95.0	251.0	731.0	2176.0	6372.0	16455.0	39639.0	83252.0	164295.0	289935.0	483348.0	753076.0	1097856.0	1413085.0	1846487.0	2522836.0	4756107.0	38121991.0	17044293.0
	6.0	7.0	8.0	9.0	10.0	11.0	12.0	13.0	14.0	15.0	16.0	17.0	18.0	19.0	20.0	21.0	22.0	23.0	24.0	25.0	26.0	27.0	28.0	29.0	30.0	31.0	32.0	33.0	34.0	35.0	36.0	37.0
NS.1223.004.NEBNext_dual_i7_F9---NEBNext_dual_i5_F9.03_15_vHIP_R2	1.0	0.0	1.0	2.0	6.0	15.0	20.0	57.0	215.0	308.0	526.0	924.0	1680.0	2816.0	5621.0	11439.0	21871.0	39737.0	64001.0	96645.0	134196.0	191388.0	269024.0	387977.0	567939.0	818590.0	1112749.0	1633984.0	2647679.0	6730768.0	41581612.0	12320519.0
	17.0	18.0	19.0	20.0	21.0	22.0	23.0	24.0	25.0	26.0	27.0	28.0	29.0	30.0	31.0	32.0	33.0	34.0	35.0	36.0	37.0
NS.1223.004.NEBNext_dual_i7_G1---NEBNext_dual_i5_G1.27_32_vHIP_R1	3.0	13.0	37.0	110.0	290.0	871.0	2454.0	6288.0	15340.0	32190.0	65190.0	117739.0	201271.0	316288.0	468893.0	608782.0	803275.0	1107255.0	2115859.0	16489003.0	6723335.0
	9.0	10.0	11.0	12.0	13.0	14.0	15.0	16.0	17.0	18.0	19.0	20.0	21.0	22.0	23.0	24.0	25.0	26.0	27.0	28.0	29.0	30.0	31.0	32.0	33.0	34.0	35.0	36.0	37.0
NS.1223.004.NEBNext_dual_i7_G1---NEBNext_dual_i5_G1.27_32_vHIP_R2	2.0	4.0	4.0	13.0	37.0	121.0	177.0	268.0	544.0	937.0	1702.0	3101.0	6065.0	10992.0	19543.0	30596.0	45947.0	63671.0	91867.0	128628.0	185552.0	269374.0	385735.0	519701.0	754661.0	1210554.0	3030628.0	17458689.0	4855373.0
	17.0	18.0	19.0	20.0	21.0	22.0	23.0	24.0	25.0	26.0	27.0	28.0	29.0	30.0	31.0	32.0	33.0	34.0	35.0	36.0	37.0
NS.1223.004.NEBNext_dual_i7_G2---NEBNext_dual_i5_G2.08_09_dHIP_R1	3.0	12.0	28.0	67.0	304.0	884.0	2432.0	6407.0	15474.0	31558.0	61784.0	106589.0	177394.0	271524.0	394113.0	505878.0	660435.0	905265.0	1745909.0	13623538.0	5451407.0
	6.0	7.0	8.0	9.0	10.0	11.0	12.0	13.0	14.0	15.0	16.0	17.0	18.0	19.0	20.0	21.0	22.0	23.0	24.0	25.0	26.0	27.0	28.0	29.0	30.0	31.0	32.0	33.0	34.0	35.0	36.0	37.0
NS.1223.004.NEBNext_dual_i7_G2---NEBNext_dual_i5_G2.08_09_dHIP_R2	1.0	0.0	1.0	0.0	4.0	3.0	8.0	35.0	103.0	163.0	255.0	449.0	835.0	1496.0	2689.0	4845.0	8547.0	14751.0	22279.0	32313.0	43684.0	61052.0	85029.0	123514.0	180547.0	263321.0	362313.0	535669.0	866185.0	2157525.0	14412072.0	4781317.0
	17.0	18.0	19.0	20.0	21.0	22.0	23.0	24.0	25.0	26.0	27.0	28.0	29.0	30.0	31.0	32.0	33.0	34.0	35.0	36.0	37.0
NS.1223.004.NEBNext_dual_i7_G3---NEBNext_dual_i5_G3.10_35_ACC_R1	2.0	8.0	38.0	123.0	332.0	952.0	2779.0	6910.0	16069.0	31904.0	61901.0	109003.0	184464.0	288910.0	427446.0	555487.0	731043.0	1009188.0	1957762.0	15371312.0	6231816.0
	9.0	10.0	11.0	12.0	13.0	14.0	15.0	16.0	17.0	18.0	19.0	20.0	21.0	22.0	23.0	24.0	25.0	26.0	27.0	28.0	29.0	30.0	31.0	32.0	33.0	34.0	35.0	36.0	37.0
NS.1223.004.NEBNext_dual_i7_G3---NEBNext_dual_i5_G3.10_35_ACC_R2	1.0	3.0	10.0	4.0	25.0	69.0	111.0	218.0	398.0	652.0	1245.0	2403.0	4982.0	9491.0	18209.0	29091.0	44191.0	61403.0	87199.0	122269.0	175453.0	252992.0	361367.0	486329.0	710928.0	1157578.0	2938625.0	16230329.0	4291874.0
	17.0	18.0	19.0	20.0	21.0	22.0	23.0	24.0	25.0	26.0	27.0	28.0	29.0	30.0	31.0	32.0	33.0	34.0	35.0	36.0	37.0
NS.1223.004.NEBNext_dual_i7_G4---NEBNext_dual_i5_G4.04_09_vHIP_R1	3.0	10.0	39.0	115.0	311.0	922.0	2658.0	6872.0	16326.0	35122.0	70688.0	127907.0	217554.0	342148.0	504260.0	653070.0	864170.0	1191887.0	2304871.0	18307359.0	7262510.0
	6.0	7.0	8.0	9.0	10.0	11.0	12.0	13.0	14.0	15.0	16.0	17.0	18.0	19.0	20.0	21.0	22.0	23.0	24.0	25.0	26.0	27.0	28.0	29.0	30.0	31.0	32.0	33.0	34.0	35.0	36.0	37.0
NS.1223.004.NEBNext_dual_i7_G4---NEBNext_dual_i5_G4.04_09_vHIP_R2	1.0	0.0	0.0	2.0	2.0	9.0	10.0	58.0	116.0	206.0	324.0	605.0	1031.0	1822.0	3448.0	6397.0	11391.0	19598.0	30446.0	45687.0	63140.0	90045.0	127506.0	184557.0	269700.0	390490.0	530994.0	781312.0	1267941.0	3228987.0	19452428.0	5400549.0
	17.0	18.0	19.0	20.0	21.0	22.0	23.0	24.0	25.0	26.0	27.0	28.0	29.0	30.0	31.0	32.0	33.0	34.0	35.0	36.0	37.0
NS.1223.004.NEBNext_dual_i7_G5---NEBNext_dual_i5_G5.13_09_dHIP_R1	1.0	14.0	55.0	144.0	412.0	1248.0	3798.0	9747.0	23400.0	47957.0	94177.0	165468.0	274617.0	427430.0	622829.0	801228.0	1052286.0	1442404.0	2768962.0	21801935.0	8938316.0
	7.0	8.0	9.0	10.0	11.0	12.0	13.0	14.0	15.0	16.0	17.0	18.0	19.0	20.0	21.0	22.0	23.0	24.0	25.0	26.0	27.0	28.0	29.0	30.0	31.0	32.0	33.0	34.0	35.0	36.0	37.0
NS.1223.004.NEBNext_dual_i7_G5---NEBNext_dual_i5_G5.13_09_dHIP_R2	1.0	1.0	2.0	4.0	3.0	16.0	37.0	95.0	175.0	274.0	565.0	1030.0	1843.0	3410.0	6630.0	12875.0	23046.0	37412.0	55859.0	76778.0	109124.0	153154.0	221079.0	322322.0	463354.0	632667.0	930001.0	1503410.0	3731698.0	23051692.0	7137871.0
	17.0	18.0	19.0	20.0	21.0	22.0	23.0	24.0	25.0	26.0	27.0	28.0	29.0	30.0	31.0	32.0	33.0	34.0	35.0	36.0	37.0
NS.1223.004.NEBNext_dual_i7_G6---NEBNext_dual_i5_G6.01_15_ACC_R1	3.0	11.0	42.0	88.0	308.0	794.0	2405.0	6189.0	14567.0	29759.0	57029.0	98597.0	163126.0	253170.0	370111.0	477065.0	625347.0	856698.0	1644577.0	13236819.0	5383154.0
	9.0	10.0	11.0	12.0	13.0	14.0	15.0	16.0	17.0	18.0	19.0	20.0	21.0	22.0	23.0	24.0	25.0	26.0	27.0	28.0	29.0	30.0	31.0	32.0	33.0	34.0	35.0	36.0	37.0
NS.1223.004.NEBNext_dual_i7_G6---NEBNext_dual_i5_G6.01_15_ACC_R2	2.0	5.0	8.0	6.0	40.0	84.0	136.0	235.0	426.0	834.0	1447.0	2683.0	5043.0	9008.0	15702.0	24425.0	35750.0	48943.0	67990.0	94590.0	135165.0	194844.0	281801.0	381623.0	557693.0	894702.0	2224351.0	13928695.0	4313628.0
	17.0	18.0	19.0	20.0	21.0	22.0	23.0	24.0	25.0	26.0	27.0	28.0	29.0	30.0	31.0	32.0	33.0	34.0	35.0	36.0	37.0
NS.1223.004.NEBNext_dual_i7_G7---NEBNext_dual_i5_G7.25_31_vHIP_R1	3.0	11.0	45.0	105.0	343.0	982.0	2856.0	7375.0	18025.0	37542.0	73654.0	131381.0	219181.0	343084.0	502550.0	645008.0	852352.0	1172207.0	2273679.0	17951482.0	7159076.0
	7.0	8.0	9.0	10.0	11.0	12.0	13.0	14.0	15.0	16.0	17.0	18.0	19.0	20.0	21.0	22.0	23.0	24.0	25.0	26.0	27.0	28.0	29.0	30.0	31.0	32.0	33.0	34.0	35.0	36.0	37.0
NS.1223.004.NEBNext_dual_i7_G7---NEBNext_dual_i5_G7.25_31_vHIP_R2	1.0	3.0	2.0	4.0	8.0	12.0	41.0	115.0	245.0	354.0	643.0	1176.0	1935.0	3499.0	6535.0	11612.0	19973.0	31116.0	45956.0	62724.0	88662.0	123676.0	178444.0	260550.0	375507.0	510872.0	751948.0	1214688.0	3025452.0	18817618.0	5857570.0
	16.0	17.0	18.0	19.0	20.0	21.0	22.0	23.0	24.0	25.0	26.0	27.0	28.0	29.0	30.0	31.0	32.0	33.0	34.0	35.0	36.0	37.0
NS.1223.004.NEBNext_dual_i7_G8---NEBNext_dual_i5_G8.11_09_dHIP_R1	1.0	1.0	9.0	50.0	103.0	359.0	957.0	2713.0	7078.0	17001.0	34951.0	68956.0	121209.0	201604.0	312497.0	456279.0	586221.0	771613.0	1058781.0	2038084.0	15865380.0	6174703.0
	7.0	8.0	9.0	10.0	11.0	12.0	13.0	14.0	15.0	16.0	17.0	18.0	19.0	20.0	21.0	22.0	23.0	24.0	25.0	26.0	27.0	28.0	29.0	30.0	31.0	32.0	33.0	34.0	35.0	36.0	37.0
NS.1223.004.NEBNext_dual_i7_G8---NEBNext_dual_i5_G8.11_09_dHIP_R2	1.0	1.0	0.0	1.0	10.0	9.0	34.0	101.0	183.0	280.0	517.0	873.0	1648.0	3011.0	5580.0	10324.0	17853.0	28573.0	42385.0	58661.0	82853.0	115562.0	165599.0	239119.0	342879.0	465288.0	680773.0	1099567.0	2757739.0	16601789.0	4997337.0
	16.0	17.0	18.0	19.0	20.0	21.0	22.0	23.0	24.0	25.0	26.0	27.0	28.0	29.0	30.0	31.0	32.0	33.0	34.0	35.0	36.0	37.0
NS.1223.004.NEBNext_dual_i7_G9---NEBNext_dual_i5_G9.03_32_ACC_R1	1.0	3.0	16.0	37.0	114.0	325.0	879.0	2656.0	6965.0	16368.0	33426.0	65516.0	114179.0	190418.0	296162.0	434020.0	560123.0	736167.0	1015571.0	1988162.0	15591912.0	6031237.0
	9.0	10.0	11.0	12.0	13.0	14.0	15.0	16.0	17.0	18.0	19.0	20.0	21.0	22.0	23.0	24.0	25.0	26.0	27.0	28.0	29.0	30.0	31.0	32.0	33.0	34.0	35.0	36.0	37.0
NS.1223.004.NEBNext_dual_i7_G9---NEBNext_dual_i5_G9.03_32_ACC_R2	1.0	5.0	4.0	14.0	43.0	99.0	182.0	299.0	458.0	904.0	1565.0	2826.0	5710.0	10232.0	18239.0	28702.0	42589.0	57967.0	82049.0	114183.0	163779.0	238219.0	343209.0	465633.0	680681.0	1106094.0	2808957.0	16275504.0	4636110.0
	17.0	18.0	19.0	20.0	21.0	22.0	23.0	24.0	25.0	26.0	27.0	28.0	29.0	30.0	31.0	32.0	33.0	34.0	35.0	36.0	37.0
NS.1223.004.NEBNext_dual_i7_H1---NEBNext_dual_i5_H1.17_32_ACC_R1	4.0	18.0	56.0	183.0	546.0	1543.0	4527.0	11856.0	28141.0	57701.0	113693.0	198602.0	329078.0	511209.0	746371.0	961031.0	1262457.0	1740295.0	3410139.0	26807848.0	10419583.0
	8.0	9.0	10.0	11.0	12.0	13.0	14.0	15.0	16.0	17.0	18.0	19.0	20.0	21.0	22.0	23.0	24.0	25.0	26.0	27.0	28.0	29.0	30.0	31.0	32.0	33.0	34.0	35.0	36.0	37.0
NS.1223.004.NEBNext_dual_i7_H1---NEBNext_dual_i5_H1.17_32_ACC_R2	1.0	3.0	3.0	14.0	24.0	59.0	215.0	327.0	567.0	969.0	1759.0	3070.0	5505.0	10115.0	18104.0	31398.0	48692.0	72419.0	97455.0	138084.0	191097.0	273426.0	398669.0	573830.0	779042.0	1143877.0	1846699.0	4615467.0	27845004.0	8508987.0
	14.0	15.0	16.0	17.0	18.0	19.0	20.0	21.0	22.0	23.0	24.0	25.0	26.0	27.0	28.0	29.0	30.0	31.0	32.0	33.0	34.0	35.0	36.0	37.0
NS.1223.004.NEBNext_dual_i7_H2---NEBNext_dual_i5_H2.08_09_vHIP_R1	1.0	0.0	0.0	3.0	17.0	50.0	149.0	460.0	1348.0	4049.0	10324.0	24277.0	50094.0	96733.0	168148.0	279410.0	433352.0	632866.0	815871.0	1069178.0	1474996.0	2853024.0	22606688.0	8959539.0
	8.0	9.0	10.0	11.0	12.0	13.0	14.0	15.0	16.0	17.0	18.0	19.0	20.0	21.0	22.0	23.0	24.0	25.0	26.0	27.0	28.0	29.0	30.0	31.0	32.0	33.0	34.0	35.0	36.0	37.0
NS.1223.004.NEBNext_dual_i7_H2---NEBNext_dual_i5_H2.08_09_vHIP_R2	3.0	0.0	3.0	11.0	21.0	61.0	186.0	322.0	522.0	840.0	1452.0	2543.0	4554.0	8811.0	15765.0	27847.0	43188.0	63741.0	86752.0	123336.0	170583.0	244398.0	353315.0	508468.0	688112.0	1012869.0	1663091.0	4262499.0	23743832.0	6453452.0
	16.0	17.0	18.0	19.0	20.0	21.0	22.0	23.0	24.0	25.0	26.0	27.0	28.0	29.0	30.0	31.0	32.0	33.0	34.0	35.0	36.0	37.0
NS.1223.004.NEBNext_dual_i7_H3---NEBNext_dual_i5_H3.10_35_dHIP_R1	1.0	0.0	13.0	54.0	129.0	475.0	1257.0	3653.0	9461.0	22773.0	48215.0	94760.0	166946.0	278500.0	433467.0	633872.0	813888.0	1067163.0	1456835.0	2755725.0	22286320.0	9578214.0
	9.0	10.0	11.0	12.0	13.0	14.0	15.0	16.0	17.0	18.0	19.0	20.0	21.0	22.0	23.0	24.0	25.0	26.0	27.0	28.0	29.0	30.0	31.0	32.0	33.0	34.0	35.0	36.0	37.0
NS.1223.004.NEBNext_dual_i7_H3---NEBNext_dual_i5_H3.10_35_dHIP_R2	3.0	8.0	8.0	20.0	51.0	107.0	195.0	309.0	516.0	1048.0	1886.0	3456.0	7230.0	14136.0	26264.0	42509.0	65053.0	89766.0	127726.0	177516.0	254071.0	368028.0	524292.0	703240.0	1019569.0	1647729.0	4209733.0	23817480.0	6549772.0
	16.0	17.0	18.0	19.0	20.0	21.0	22.0	23.0	24.0	25.0	26.0	27.0	28.0	29.0	30.0	31.0	32.0	33.0	34.0	35.0	36.0	37.0
NS.1223.004.NEBNext_dual_i7_H4---NEBNext_dual_i5_H4.08_31_ACC_R1	2.0	2.0	11.0	44.0	113.0	349.0	933.0	2711.0	7197.0	17166.0	35882.0	71191.0	126326.0	213254.0	334965.0	490238.0	635634.0	835142.0	1149600.0	2225267.0	17886724.0	7150754.0
	8.0	9.0	10.0	11.0	12.0	13.0	14.0	15.0	16.0	17.0	18.0	19.0	20.0	21.0	22.0	23.0	24.0	25.0	26.0	27.0	28.0	29.0	30.0	31.0	32.0	33.0	34.0	35.0	36.0	37.0
NS.1223.004.NEBNext_dual_i7_H4---NEBNext_dual_i5_H4.08_31_ACC_R2	1.0	6.0	3.0	6.0	9.0	53.0	111.0	179.0	339.0	563.0	1003.0	1785.0	3399.0	6377.0	11899.0	21025.0	33588.0	50244.0	69096.0	97478.0	136613.0	195043.0	284862.0	406150.0	547845.0	800861.0	1295972.0	3281619.0	18847868.0	5089508.0
	17.0	18.0	19.0	20.0	21.0	22.0	23.0	24.0	25.0	26.0	27.0	28.0	29.0	30.0	31.0	32.0	33.0	34.0	35.0	36.0	37.0
NS.1223.004.NEBNext_dual_i7_H5---NEBNext_dual_i5_H5.13_09_vHIP_R1	5.0	11.0	35.0	115.0	377.0	967.0	2788.0	6870.0	16555.0	35175.0	71583.0	129015.0	220734.0	345538.0	511908.0	666700.0	880832.0	1220911.0	2384624.0	18384503.0	7163848.0
	6.0	7.0	8.0	9.0	10.0	11.0	12.0	13.0	14.0	15.0	16.0	17.0	18.0	19.0	20.0	21.0	22.0	23.0	24.0	25.0	26.0	27.0	28.0	29.0	30.0	31.0	32.0	33.0	34.0	35.0	36.0	37.0
NS.1223.004.NEBNext_dual_i7_H5---NEBNext_dual_i5_H5.13_09_vHIP_R2	1.0	0.0	1.0	0.0	1.0	6.0	7.0	32.0	110.0	194.0	294.0	554.0	967.0	1790.0	3386.0	6326.0	11308.0	19916.0	30588.0	44747.0	62059.0	87940.0	123657.0	179483.0	262672.0	378411.0	517062.0	759133.0	1222097.0	3032801.0	19311795.0	5985756.0
	18.0	19.0	20.0	21.0	22.0	23.0	24.0	25.0	26.0	27.0	28.0	29.0	30.0	31.0	32.0	33.0	34.0	35.0	36.0	37.0
NS.1223.004.NEBNext_dual_i7_H6---NEBNext_dual_i5_H6.01_15_dHIP_R1	11.0	35.0	93.0	367.0	1115.0	3447.0	8387.0	19861.0	38075.0	71194.0	121088.0	198005.0	305441.0	448193.0	575105.0	755657.0	1035721.0	1972596.0	15841485.0	6577535.0
	8.0	9.0	10.0	11.0	12.0	13.0	14.0	15.0	16.0	17.0	18.0	19.0	20.0	21.0	22.0	23.0	24.0	25.0	26.0	27.0	28.0	29.0	30.0	31.0	32.0	33.0	34.0	35.0	36.0	37.0
NS.1223.004.NEBNext_dual_i7_H6---NEBNext_dual_i5_H6.01_15_dHIP_R2	2.0	3.0	5.0	4.0	11.0	37.0	94.0	150.0	269.0	527.0	860.0	1645.0	3080.0	6534.0	13014.0	23797.0	37834.0	55718.0	74342.0	103299.0	141410.0	200371.0	285427.0	401454.0	538127.0	777380.0	1264291.0	3294588.0	16819448.0	3929690.0
	17.0	18.0	19.0	20.0	21.0	22.0	23.0	24.0	25.0	26.0	27.0	28.0	29.0	30.0	31.0	32.0	33.0	34.0	35.0	36.0	37.0
NS.1223.004.NEBNext_dual_i7_H7---NEBNext_dual_i5_H7.05_13_ACC_R1	4.0	12.0	40.0	102.0	332.0	981.0	2700.0	7089.0	17567.0	37387.0	75780.0	136923.0	232135.0	364106.0	535826.0	691904.0	910043.0	1250016.0	2385580.0	19451923.0	8182082.0
	7.0	8.0	9.0	10.0	11.0	12.0	13.0	14.0	15.0	16.0	17.0	18.0	19.0	20.0	21.0	22.0	23.0	24.0	25.0	26.0	27.0	28.0	29.0	30.0	31.0	32.0	33.0	34.0	35.0	36.0	37.0
NS.1223.004.NEBNext_dual_i7_H7---NEBNext_dual_i5_H7.05_13_ACC_R2	1.0	0.0	2.0	7.0	9.0	16.0	76.0	169.0	301.0	446.0	800.0	1349.0	2284.0	4147.0	8128.0	14668.0	25954.0	41690.0	62176.0	85794.0	122493.0	170025.0	241997.0	348071.0	491123.0	654082.0	941819.0	1525793.0	3952824.0	20584908.0	5001380.0
	16.0	17.0	18.0	19.0	20.0	21.0	22.0	23.0	24.0	25.0	26.0	27.0	28.0	29.0	30.0	31.0	32.0	33.0	34.0	35.0	36.0	37.0
NS.1223.004.NEBNext_dual_i7_H8---NEBNext_dual_i5_H8.11_09_vHIP_R1	1.0	2.0	26.0	58.0	188.0	501.0	1521.0	4342.0	11107.0	27113.0	55335.0	109706.0	195195.0	329008.0	516307.0	757375.0	983720.0	1298065.0	1798105.0	3515492.0	27322596.0	10720547.0
	8.0	9.0	10.0	11.0	12.0	13.0	14.0	15.0	16.0	17.0	18.0	19.0	20.0	21.0	22.0	23.0	24.0	25.0	26.0	27.0	28.0	29.0	30.0	31.0	32.0	33.0	34.0	35.0	36.0	37.0
NS.1223.004.NEBNext_dual_i7_H8---NEBNext_dual_i5_H8.11_09_vHIP_R2	2.0	5.0	14.0	13.0	30.0	105.0	244.0	521.0	789.0	1364.0	2268.0	4074.0	7058.0	12860.0	22074.0	37617.0	59536.0	88134.0	121940.0	174073.0	245293.0	352458.0	513213.0	737569.0	1011774.0	1539531.0	2704745.0	7312066.0	27369582.0	5327358.0
	15.0	16.0	17.0	18.0	19.0	20.0	21.0	22.0	23.0	24.0	25.0	26.0	27.0	28.0	29.0	30.0	31.0	32.0	33.0	34.0	35.0	36.0	37.0
NS.1223.004.NEBNext_dual_i7_H9---NEBNext_dual_i5_H9.03_32_dHIP_R1	1.0	0.0	1.0	13.0	40.0	114.0	383.0	1178.0	3417.0	9069.0	21013.0	43040.0	83853.0	145462.0	243881.0	379427.0	556979.0	722765.0	954545.0	1321630.0	2540726.0	20098361.0	8484742.0
	5.0	6.0	7.0	8.0	9.0	10.0	11.0	12.0	13.0	14.0	15.0	16.0	17.0	18.0	19.0	20.0	21.0	22.0	23.0	24.0	25.0	26.0	27.0	28.0	29.0	30.0	31.0	32.0	33.0	34.0	35.0	36.0	37.0
NS.1223.004.NEBNext_dual_i7_H9---NEBNext_dual_i5_H9.03_32_dHIP_R2	1.0	0.0	0.0	0.0	3.0	5.0	7.0	24.0	70.0	161.0	321.0	587.0	1086.0	1905.0	3177.0	5701.0	10586.0	18930.0	33347.0	53382.0	78327.0	106622.0	148529.0	202998.0	283802.0	403336.0	566614.0	753149.0	1098336.0	1823008.0	4716805.0	20658413.0	4641408.0

