Sample	20	22	24	26	28	30	32	34	36	38	40	42	44	46	48	50	52	54	56	58	60	62	64	66	68	70	72	74	76	78	80	82	84	86	88	90	92	94	96	98	100
NS.1223.004.NEBNext_dual_i7_A1---NEBNext_dual_i5_A1.03_32_vHIP_R1	9332.0	10605.0	11723.0	11211.0	10514.0	10005.0	9587.0	9241.0	8995.0	8962.0	9114.0	9418.0	9153.0	9774.0	9934.0	10648.0	11120.0	11636.0	12580.0	13741.0	15358.0	17346.0	19402.0	22077.0	24904.0	28757.0	33864.0	39601.0	45742.0	53191.0	63401.0	76031.0	91536.0	108803.0	129678.0	155325.0	187408.0	242162.0	575948.0	1281283.0	43958613.0
NS.1223.004.NEBNext_dual_i7_A1---NEBNext_dual_i5_A1.03_32_vHIP_R2	10385.0	10210.0	10228.0	10078.0	9872.0	9866.0	10068.0	10107.0	10179.0	10058.0	10678.0	10643.0	10987.0	11113.0	11353.0	12521.0	12807.0	13240.0	13757.0	14808.0	16413.0	18214.0	19630.0	21934.0	24816.0	28379.0	33430.0	39227.0	45458.0	52683.0	62403.0	74667.0	89856.0	106165.0	127419.0	152172.0	182108.0	240894.0	622556.0	1481650.0	43714691.0
NS.1223.004.NEBNext_dual_i7_A2---NEBNext_dual_i5_A2.17_32_dHIP_R1	9790.0	10581.0	11945.0	11549.0	11052.0	10690.0	10986.0	10280.0	10349.0	10468.0	10502.0	10857.0	11268.0	11567.0	12020.0	13059.0	13383.0	14207.0	15686.0	17177.0	18566.0	20831.0	23940.0	26486.0	30207.0	35220.0	41223.0	49193.0	56917.0	66133.0	78132.0	93645.0	112519.0	132840.0	155987.0	187491.0	226493.0	285717.0	654185.0	1410266.0	48581953.0
NS.1223.004.NEBNext_dual_i7_A2---NEBNext_dual_i5_A2.17_32_dHIP_R2	11309.0	11292.0	11140.0	11467.0	11226.0	11103.0	11339.0	11384.0	11688.0	11657.0	12201.0	12260.0	12880.0	12812.0	13659.0	14653.0	15402.0	16212.0	17098.0	18482.0	20054.0	22492.0	24796.0	27018.0	30984.0	35592.0	41760.0	49882.0	57018.0	65653.0	77431.0	92199.0	110997.0	130226.0	154273.0	184729.0	220742.0	285296.0	706594.0	1648703.0	48279657.0
NS.1223.004.NEBNext_dual_i7_A3---NEBNext_dual_i5_A3.07_26_ACC_R1	9222.0	10383.0	11508.0	11191.0	10608.0	10069.0	9732.0	9390.0	9308.0	9480.0	9619.0	9874.0	10097.0	10504.0	10568.0	11483.0	11709.0	12265.0	13370.0	14721.0	16330.0	18918.0	22083.0	25273.0	28800.0	33263.0	38421.0	44303.0	51126.0	58988.0	69215.0	83920.0	100519.0	119213.0	140153.0	170033.0	203791.0	259772.0	600410.0	1306583.0	44535467.0
NS.1223.004.NEBNext_dual_i7_A3---NEBNext_dual_i5_A3.07_26_ACC_R2	10216.0	10517.0	10305.0	10186.0	10177.0	10077.0	10178.0	10146.0	10077.0	10269.0	10848.0	11137.0	11404.0	11072.0	11869.0	12341.0	12851.0	13762.0	14420.0	15490.0	16876.0	18860.0	20880.0	23266.0	26784.0	30487.0	35782.0	42684.0	49403.0	57185.0	67831.0	81670.0	97840.0	116183.0	137653.0	165894.0	195967.0	252856.0	638310.0	1492034.0	44345895.0
NS.1223.004.NEBNext_dual_i7_A4---NEBNext_dual_i5_A4.10_35_vHIP_R1	8916.0	9926.0	11092.0	10910.0	10272.0	9765.0	9631.0	9135.0	8857.0	9156.0	9079.0	9284.0	9567.0	9942.0	9951.0	10635.0	10990.0	11800.0	12666.0	14183.0	15081.0	17287.0	19580.0	22021.0	24982.0	29211.0	34086.0	40686.0	47459.0	54462.0	64724.0	78133.0	92744.0	111272.0	131940.0	158523.0	189886.0	243955.0	577674.0	1272070.0	43587610.0
NS.1223.004.NEBNext_dual_i7_A4---NEBNext_dual_i5_A4.10_35_vHIP_R2	10678.0	10680.0	10182.0	10476.0	10323.0	10229.0	10244.0	10305.0	10322.0	10422.0	10741.0	11039.0	11155.0	11421.0	11923.0	12683.0	12858.0	13665.0	14425.0	15232.0	16315.0	18617.0	20407.0	22451.0	25535.0	29597.0	34191.0	41111.0	47278.0	54485.0	64151.0	76878.0	91493.0	109443.0	130700.0	156477.0	184673.0	243362.0	628880.0	1490129.0	43303967.0
NS.1223.004.NEBNext_dual_i7_A5---NEBNext_dual_i5_A5.08_31_dHIP_R1	7531.0	8856.0	9829.0	9826.0	9024.0	8756.0	8518.0	8232.0	8438.0	8282.0	8286.0	8410.0	8553.0	8863.0	9347.0	9628.0	10227.0	10650.0	11376.0	12430.0	13572.0	14928.0	16909.0	18603.0	21062.0	23875.0	28101.0	32739.0	37940.0	43728.0	51057.0	61666.0	73130.0	86898.0	103682.0	125388.0	151156.0	197303.0	514887.0	1196553.0	41535575.0
NS.1223.004.NEBNext_dual_i7_A5---NEBNext_dual_i5_A5.08_31_dHIP_R2	10664.0	10743.0	10624.0	10625.0	10411.0	10302.0	10366.0	10311.0	10489.0	10420.0	10884.0	11080.0	11605.0	11367.0	11708.0	12369.0	12728.0	13091.0	13497.0	14477.0	15612.0	17029.0	18533.0	19813.0	22548.0	25091.0	29222.0	34237.0	38908.0	44332.0	52184.0	61790.0	73630.0	87026.0	104195.0	126337.0	151522.0	205222.0	580226.0	1430194.0	41168402.0
NS.1223.004.NEBNext_dual_i7_A6---NEBNext_dual_i5_A6.24_32_ACC_R1	11715.0	13402.0	15014.0	14568.0	13637.0	13098.0	12940.0	12191.0	11855.0	12221.0	12363.0	12524.0	12714.0	12932.0	13449.0	13756.0	14175.0	14693.0	15561.0	17117.0	18545.0	20975.0	23863.0	27115.0	30080.0	34214.0	38683.0	43831.0	48741.0	55242.0	63950.0	76195.0	90672.0	106904.0	127257.0	155460.0	190401.0	251089.0	704584.0	1719488.0	59872538.0
NS.1223.004.NEBNext_dual_i7_A6---NEBNext_dual_i5_A6.24_32_ACC_R2	14874.0	15141.0	14514.0	14563.0	14326.0	14412.0	14112.0	14225.0	14461.0	14298.0	14614.0	15350.0	15565.0	15339.0	15908.0	16585.0	17148.0	17711.0	18447.0	19362.0	20859.0	22209.0	23987.0	26082.0	28751.0	31966.0	37093.0	42980.0	48633.0	55299.0	64257.0	76283.0	90618.0	107256.0	128750.0	156398.0	190032.0	256887.0	780501.0	1999696.0	59470260.0
NS.1223.004.NEBNext_dual_i7_A7---NEBNext_dual_i5_A7.01_15_vHIP_R1	10162.0	11720.0	13162.0	12803.0	11645.0	11292.0	10737.0	10479.0	10498.0	10707.0	10609.0	10783.0	10848.0	11156.0	11211.0	12243.0	12436.0	13000.0	13807.0	15160.0	16255.0	18387.0	21037.0	23435.0	26291.0	29698.0	34045.0	39208.0	44965.0	51650.0	60474.0	72419.0	86221.0	102913.0	121903.0	148977.0	181759.0	238126.0	632871.0	1502896.0	53073343.0
NS.1223.004.NEBNext_dual_i7_A7---NEBNext_dual_i5_A7.01_15_vHIP_R2	12903.0	12898.0	12683.0	12726.0	12626.0	12590.0	12465.0	12428.0	12640.0	12457.0	13080.0	13350.0	13627.0	13547.0	13847.0	14985.0	15066.0	15440.0	16250.0	16999.0	18346.0	20041.0	22046.0	23744.0	26036.0	29356.0	34045.0	39791.0	45683.0	51771.0	61024.0	72713.0	85996.0	102699.0	122408.0	149736.0	179354.0	245078.0	708158.0	1779596.0	52671103.0
NS.1223.004.NEBNext_dual_i7_A8---NEBNext_dual_i5_A8.05_13_dHIP_R1	10585.0	12136.0	13749.0	13041.0	12540.0	12341.0	12122.0	11602.0	11578.0	11878.0	11620.0	11781.0	11885.0	12512.0	12731.0	13238.0	13747.0	14308.0	15076.0	16387.0	17457.0	19545.0	22298.0	24911.0	27964.0	32266.0	36875.0	42958.0	49048.0	56113.0	66661.0	79941.0	96021.0	113929.0	136583.0	167049.0	203172.0	269159.0	737337.0	1769663.0	62317306.0
NS.1223.004.NEBNext_dual_i7_A8---NEBNext_dual_i5_A8.05_13_dHIP_R2	15374.0	15669.0	15094.0	15308.0	15143.0	14886.0	14784.0	14919.0	15077.0	15013.0	15337.0	15555.0	15694.0	15698.0	16468.0	17070.0	17659.0	17976.0	18429.0	19546.0	20604.0	22405.0	24269.0	26288.0	29412.0	32995.0	37620.0	44250.0	49897.0	56887.0	67455.0	79902.0	95673.0	112890.0	136324.0	166816.0	200894.0	274488.0	817030.0	2079420.0	61844895.0
NS.1223.004.NEBNext_dual_i7_A9---NEBNext_dual_i5_A9.01_09_ACC_R1	10248.0	12010.0	13154.0	12945.0	12018.0	11345.0	11565.0	10952.0	10592.0	10843.0	11085.0	11180.0	11486.0	11945.0	11965.0	12991.0	13439.0	14323.0	15302.0	16766.0	18993.0	21655.0	24955.0	28527.0	32301.0	37101.0	43235.0	50552.0	58195.0	67541.0	78736.0	95025.0	114375.0	135378.0	160089.0	192334.0	231006.0	294651.0	686129.0	1500429.0	51438295.0
NS.1223.004.NEBNext_dual_i7_A9---NEBNext_dual_i5_A9.01_09_ACC_R2	13385.0	13331.0	12859.0	13019.0	12733.0	12478.0	12842.0	12309.0	13023.0	13007.0	13353.0	13658.0	14007.0	13813.0	14629.0	15585.0	16341.0	16807.0	17652.0	19047.0	21180.0	23224.0	25303.0	28235.0	32057.0	36202.0	42875.0	51123.0	58213.0	67925.0	79204.0	94934.0	114397.0	134841.0	160468.0	192443.0	229813.0	299531.0	761015.0	1774983.0	51043812.0
NS.1223.004.NEBNext_dual_i7_B1---NEBNext_dual_i5_B1.16_38_ACC_R1	6417.0	7349.0	8176.0	8173.0	7427.0	7314.0	7112.0	6774.0	6659.0	6801.0	7250.0	7280.0	7521.0	7675.0	7921.0	8489.0	8849.0	9331.0	10320.0	11441.0	12875.0	14651.0	17431.0	20065.0	22947.0	26801.0	30947.0	36025.0	40802.0	47184.0	55580.0	66458.0	80333.0	95573.0	111908.0	134712.0	160424.0	203610.0	454775.0	965764.0	32771215.0
NS.1223.004.NEBNext_dual_i7_B1---NEBNext_dual_i5_B1.16_38_ACC_R2	8463.0	8574.0	8275.0	8348.0	8180.0	8172.0	8168.0	7986.0	8371.0	8362.0	8596.0	8875.0	9132.0	9169.0	9560.0	10149.0	10584.0	11303.0	11741.0	12500.0	13926.0	15415.0	17239.0	18949.0	21663.0	25254.0	29693.0	35539.0	40608.0	46865.0	55459.0	66468.0	79917.0	95302.0	112569.0	134976.0	160040.0	207415.0	498741.0	1133565.0	32534248.0
NS.1223.004.NEBNext_dual_i7_B2---NEBNext_dual_i5_B2.17_32_vHIP_R1	10182.0	11691.0	12917.0	12312.0	11528.0	11291.0	10546.0	10519.0	10158.0	10561.0	10430.0	10563.0	10639.0	11179.0	11596.0	12289.0	13136.0	13668.0	14791.0	16305.0	18084.0	20756.0	23745.0	26827.0	30872.0	36091.0	42025.0	50645.0	58523.0	68283.0	80700.0	97379.0	117860.0	140335.0	165449.0	199309.0	238242.0	303322.0	685051.0	1450246.0	49006847.0
NS.1223.004.NEBNext_dual_i7_B2---NEBNext_dual_i5_B2.17_32_vHIP_R2	12085.0	12157.0	11684.0	11742.0	11617.0	11641.0	11601.0	11440.0	11690.0	11691.0	12364.0	12701.0	13085.0	13133.0	13513.0	14656.0	15342.0	15879.0	16525.0	17650.0	19864.0	22253.0	24433.0	27095.0	31157.0	36076.0	42148.0	50803.0	58650.0	67945.0	80220.0	96177.0	116284.0	137927.0	163296.0	196323.0	231889.0	301879.0	737491.0	1686766.0	48706020.0
NS.1223.004.NEBNext_dual_i7_B3---NEBNext_dual_i5_B3.07_26_dHIP_R1	10048.0	11656.0	12938.0	12367.0	11824.0	11170.0	10800.0	10420.0	10232.0	10676.0	10536.0	10621.0	10853.0	11313.0	11673.0	12359.0	12845.0	13548.0	14384.0	15737.0	17244.0	19274.0	22122.0	24989.0	28044.0	32413.0	37923.0	45157.0	52119.0	60872.0	71952.0	86973.0	103653.0	123610.0	146430.0	176839.0	213160.0	273637.0	658316.0	1449036.0	50181664.0
NS.1223.004.NEBNext_dual_i7_B3---NEBNext_dual_i5_B3.07_26_dHIP_R2	12773.0	12528.0	12056.0	12235.0	11900.0	11785.0	11943.0	11736.0	11830.0	11874.0	12323.0	12668.0	13221.0	12834.0	13601.0	14293.0	14925.0	15424.0	16263.0	17135.0	18769.0	20728.0	22730.0	25237.0	28250.0	32304.0	38145.0	45082.0	51992.0	60316.0	71412.0	85587.0	102560.0	122020.0	145382.0	175751.0	209413.0	277587.0	725073.0	1724625.0	49815117.0
NS.1223.004.NEBNext_dual_i7_B4---NEBNext_dual_i5_B4.23_38_ACC_R1	6823.0	7984.0	8963.0	8897.0	8197.0	8080.0	7666.0	7372.0	7452.0	7616.0	7535.0	7764.0	7780.0	8032.0	8174.0	8787.0	9103.0	9549.0	10267.0	11256.0	12280.0	13922.0	15878.0	17946.0	20598.0	23887.0	27168.0	32123.0	36723.0	42418.0	49826.0	59912.0	72142.0	86046.0	101559.0	124051.0	148620.0	192880.0	475238.0	1068116.0	36547414.0
NS.1223.004.NEBNext_dual_i7_B4---NEBNext_dual_i5_B4.23_38_ACC_R2	8792.0	8961.0	8653.0	8758.0	8630.0	8700.0	8707.0	8702.0	8786.0	8816.0	8940.0	9344.0	9612.0	9419.0	9889.0	10394.0	10876.0	11065.0	11928.0	12388.0	13533.0	14734.0	16005.0	17562.0	20452.0	22969.0	26665.0	31736.0	36446.0	41907.0	49233.0	58817.0	70842.0	84465.0	100001.0	121818.0	144309.0	189733.0	510966.0	1228739.0	36343752.0
NS.1223.004.NEBNext_dual_i7_B5---NEBNext_dual_i5_B5.08_31_vHIP_R1	6677.0	7704.0	8489.0	8284.0	7667.0	7433.0	7022.0	6805.0	6731.0	6841.0	6703.0	6841.0	6709.0	6970.0	7371.0	7626.0	8260.0	8442.0	9227.0	10028.0	11074.0	12238.0	14266.0	15869.0	17803.0	20927.0	24470.0	29190.0	33773.0	39306.0	46837.0	56608.0	68284.0	81105.0	96319.0	116549.0	141082.0	181417.0	433313.0	954470.0	33124531.0
NS.1223.004.NEBNext_dual_i7_B5---NEBNext_dual_i5_B5.08_31_vHIP_R2	7715.0	7665.0	7424.0	7501.0	7504.0	7383.0	7477.0	7287.0	7438.0	7508.0	7765.0	7868.0	8175.0	8002.0	8339.0	9168.0	9326.0	9566.0	10346.0	10793.0	12018.0	13158.0	14443.0	16050.0	17848.0	20761.0	24491.0	29167.0	33621.0	39149.0	46586.0	55611.0	67338.0	79653.0	95059.0	114819.0	137468.0	181150.0	473673.0	1123386.0	32911562.0
NS.1223.004.NEBNext_dual_i7_B6---NEBNext_dual_i5_B6.24_32_dHIP_R1	7519.0	8648.0	9721.0	9378.0	8822.0	8688.0	8334.0	8261.0	8172.0	8403.0	8392.0	8383.0	8641.0	9249.0	9119.0	9937.0	10105.0	10598.0	11593.0	12604.0	14035.0	16161.0	18414.0	21262.0	24041.0	27369.0	30862.0	36187.0	41251.0	47295.0	55076.0	66428.0	79746.0	94319.0	111410.0	135325.0	162182.0	209541.0	507804.0	1141277.0	38876165.0
NS.1223.004.NEBNext_dual_i7_B6---NEBNext_dual_i5_B6.24_32_dHIP_R2	9916.0	9655.0	9618.0	9704.0	9732.0	9408.0	9309.0	9349.0	9454.0	9768.0	9979.0	10119.0	10392.0	10266.0	10807.0	11527.0	11786.0	12206.0	12859.0	13723.0	14856.0	16526.0	17915.0	19837.0	22425.0	25337.0	29583.0	35368.0	40667.0	46902.0	54438.0	65770.0	78966.0	93663.0	111538.0	135405.0	161032.0	213417.0	558078.0	1339842.0	38609575.0
NS.1223.004.NEBNext_dual_i7_B7---NEBNext_dual_i5_B7.07_09_ACC_R1	8429.0	9652.0	10693.0	10380.0	9650.0	9479.0	9235.0	8748.0	8542.0	8958.0	8919.0	9050.0	9074.0	9381.0	9582.0	10342.0	10775.0	11268.0	12066.0	13078.0	14885.0	16918.0	19585.0	22017.0	25156.0	29155.0	34147.0	39645.0	46226.0	52791.0	62052.0	74846.0	90372.0	107239.0	126246.0	152056.0	182629.0	235601.0	558570.0	1233596.0	42306614.0
NS.1223.004.NEBNext_dual_i7_B7---NEBNext_dual_i5_B7.07_09_ACC_R2	10692.0	10653.0	10416.0	10440.0	10381.0	10390.0	10279.0	10247.0	10284.0	10546.0	10758.0	10807.0	11113.0	10890.0	11454.0	12686.0	12826.0	13228.0	13925.0	14733.0	16665.0	17949.0	19829.0	21706.0	24649.0	28166.0	33347.0	39436.0	45435.0	52406.0	61811.0	74150.0	89121.0	105781.0	125587.0	151044.0	179398.0	236389.0	606665.0	1432877.0	42038488.0
NS.1223.004.NEBNext_dual_i7_B8---NEBNext_dual_i5_B8.05_13_vHIP_R1	10990.0	12207.0	13788.0	13580.0	12390.0	12030.0	11680.0	11352.0	11140.0	11247.0	11244.0	11672.0	11959.0	12248.0	12393.0	13285.0	13591.0	14267.0	15201.0	17140.0	19005.0	21280.0	24795.0	28192.0	32060.0	36888.0	43302.0	50762.0	58818.0	68592.0	80168.0	96961.0	116920.0	138751.0	164586.0	198831.0	238669.0	308174.0	724717.0	1595860.0	55148563.0
NS.1223.004.NEBNext_dual_i7_B8---NEBNext_dual_i5_B8.05_13_vHIP_R2	14161.0	13879.0	13661.0	13691.0	13255.0	13225.0	13257.0	13205.0	13383.0	13217.0	13700.0	13904.0	14287.0	14334.0	14815.0	15674.0	16259.0	16833.0	17482.0	19110.0	20718.0	22824.0	25094.0	27707.0	31510.0	35850.0	42625.0	50809.0	58645.0	68776.0	80245.0	96498.0	117042.0	138610.0	165803.0	201042.0	239803.0	317484.0	815265.0	1912060.0	54689556.0
NS.1223.004.NEBNext_dual_i7_B9---NEBNext_dual_i5_B9.01_09_dHIP_R1	9907.0	11158.0	12504.0	12263.0	11369.0	11137.0	10538.0	10136.0	9963.0	10202.0	10050.0	10281.0	10423.0	10757.0	11288.0	11746.0	12542.0	12677.0	13887.0	15302.0	16978.0	19299.0	21650.0	24178.0	27170.0	31741.0	37837.0	44263.0	52081.0	59523.0	70264.0	85169.0	102150.0	121950.0	144035.0	175211.0	209497.0	268443.0	640186.0	1410150.0	48799271.0
NS.1223.004.NEBNext_dual_i7_B9---NEBNext_dual_i5_B9.01_09_dHIP_R2	12594.0	12450.0	12002.0	12299.0	11967.0	11760.0	11836.0	11731.0	11983.0	12013.0	12592.0	12648.0	13085.0	13007.0	13961.0	14420.0	14758.0	15292.0	16267.0	17329.0	19011.0	20873.0	22875.0	25228.0	28273.0	32547.0	38527.0	45164.0	52348.0	59892.0	70492.0	84583.0	102064.0	121320.0	143861.0	174376.0	208753.0	274228.0	708409.0	1677663.0	48414695.0
NS.1223.004.NEBNext_dual_i7_C1---NEBNext_dual_i5_C1.16_38_dHIP_R1	6339.0	7273.0	8187.0	7857.0	7350.0	6984.0	6878.0	6609.0	6572.0	6662.0	6482.0	6564.0	6583.0	6934.0	7109.0	7476.0	7832.0	8115.0	8632.0	9290.0	10089.0	11226.0	12768.0	14184.0	16169.0	18466.0	21405.0	24949.0	29361.0	34109.0	40283.0	48849.0	59199.0	70340.0	83200.0	101384.0	124955.0	162444.0	409822.0	942487.0	32345815.0
NS.1223.004.NEBNext_dual_i7_C1---NEBNext_dual_i5_C1.16_38_dHIP_R2	8839.0	8787.0	8485.0	8652.0	8480.0	8414.0	8466.0	8257.0	8330.0	8500.0	8685.0	8618.0	9001.0	8821.0	9098.0	9694.0	9785.0	10084.0	10483.0	10797.0	11767.0	12948.0	14204.0	14941.0	16993.0	19040.0	22125.0	26071.0	30059.0	35123.0	41329.0	49717.0	59452.0	70711.0	84232.0	102604.0	125333.0	169598.0	463189.0	1126348.0	32051172.0
NS.1223.004.NEBNext_dual_i7_C2---NEBNext_dual_i5_C2.03_13_ACC_R1	5520.0	6313.0	6945.0	6867.0	6401.0	6224.0	6020.0	5765.0	5653.0	5957.0	5741.0	6032.0	6041.0	6452.0	6382.0	6837.0	7061.0	7185.0	8090.0	9010.0	10018.0	11420.0	13034.0	14769.0	16797.0	19553.0	22675.0	26356.0	30941.0	35593.0	41750.0	50539.0	60520.0	71914.0	86379.0	103815.0	124650.0	160420.0	373310.0	822626.0	27654110.0
NS.1223.004.NEBNext_dual_i7_C2---NEBNext_dual_i5_C2.03_13_ACC_R2	6500.0	6539.0	6434.0	6574.0	6282.0	6435.0	6540.0	6464.0	6491.0	6835.0	6668.0	6948.0	7072.0	7078.0	7554.0	7896.0	8257.0	8456.0	9148.0	9768.0	10824.0	11964.0	12891.0	14400.0	16382.0	18745.0	21824.0	25923.0	30495.0	35123.0	41246.0	49896.0	59656.0	70560.0	85121.0	101878.0	121504.0	157946.0	399833.0	942566.0	27508969.0
NS.1223.004.NEBNext_dual_i7_C3---NEBNext_dual_i5_C3.07_26_vHIP_R1	9479.0	10372.0	11698.0	11437.0	10650.0	10111.0	9575.0	9315.0	9329.0	9245.0	9420.0	9353.0	9603.0	9954.0	10316.0	10749.0	11336.0	11744.0	12670.0	13985.0	15343.0	17515.0	20002.0	22758.0	25697.0	29901.0	35616.0	41713.0	48849.0	56494.0	67029.0	80726.0	98066.0	116186.0	138782.0	167330.0	201258.0	256912.0	595066.0	1281123.0	43658706.0
NS.1223.004.NEBNext_dual_i7_C3---NEBNext_dual_i5_C3.07_26_vHIP_R2	10195.0	10324.0	10074.0	10307.0	10028.0	9866.0	9770.0	10245.0	10111.0	10260.0	10576.0	10736.0	11132.0	10948.0	11600.0	12187.0	12623.0	13041.0	13718.0	14787.0	16080.0	17980.0	20148.0	22096.0	25077.0	29047.0	34610.0	40941.0	47691.0	55129.0	65996.0	78490.0	95972.0	113065.0	135725.0	162159.0	193399.0	250237.0	623752.0	1460499.0	43474792.0
NS.1223.004.NEBNext_dual_i7_C4---NEBNext_dual_i5_C4.23_38_dHIP_R1	5596.0	6618.0	7261.0	7043.0	6624.0	6323.0	6155.0	5993.0	5854.0	6092.0	5977.0	5891.0	6128.0	6426.0	6523.0	6900.0	7346.0	7741.0	8183.0	9072.0	10135.0	11213.0	12640.0	14265.0	16202.0	18746.0	21911.0	26143.0	30110.0	34747.0	40783.0	49430.0	59356.0	71409.0	84365.0	102157.0	122434.0	156966.0	373797.0	826440.0	28063068.0
NS.1223.004.NEBNext_dual_i7_C4---NEBNext_dual_i5_C4.23_38_dHIP_R2	6843.0	7043.0	6843.0	6764.0	6735.0	6616.0	6627.0	6831.0	6878.0	6767.0	7006.0	7171.0	7395.0	7195.0	7614.0	8134.0	8411.0	8664.0	9164.0	10007.0	11014.0	11856.0	13028.0	14203.0	16198.0	18458.0	21884.0	26206.0	29820.0	34548.0	40209.0	48415.0	58323.0	69774.0	82754.0	99545.0	118466.0	154361.0	397996.0	944715.0	27919582.0
NS.1223.004.NEBNext_dual_i7_C5---NEBNext_dual_i5_C5.19_26_ACC_R1	6980.0	8082.0	8779.0	8534.0	7888.0	7673.0	7372.0	7019.0	6946.0	7227.0	7373.0	7540.0	7552.0	7839.0	7924.0	8526.0	8556.0	9263.0	9929.0	11077.0	12228.0	14303.0	17037.0	19579.0	22635.0	25488.0	29001.0	33157.0	38026.0	43581.0	50799.0	60692.0	73358.0	87130.0	103924.0	125382.0	149152.0	191394.0	448595.0	978430.0	33603680.0
NS.1223.004.NEBNext_dual_i7_C5---NEBNext_dual_i5_C5.19_26_ACC_R2	8735.0	8619.0	8514.0	8518.0	8197.0	8168.0	8285.0	8239.0	8243.0	8337.0	8644.0	8661.0	9090.0	9176.0	9378.0	10063.0	10275.0	10737.0	11437.0	12169.0	13201.0	14602.0	16199.0	18001.0	20318.0	23049.0	27014.0	32325.0	37131.0	43167.0	50689.0	60694.0	73178.0	86864.0	104558.0	125429.0	148968.0	193925.0	489253.0	1146730.0	33380870.0
NS.1223.004.NEBNext_dual_i7_C6---NEBNext_dual_i5_C6.24_32_vHIP_R1	5733.0	6412.0	7001.0	6739.0	6305.0	6086.0	5829.0	5517.0	5330.0	5459.0	5605.0	5580.0	5587.0	5769.0	5861.0	6312.0	6542.0	6802.0	7328.0	7901.0	8663.0	10253.0	11573.0	12588.0	14410.0	16952.0	20085.0	23444.0	27391.0	31503.0	37609.0	45551.0	55561.0	65785.0	77988.0	94434.0	115161.0	148231.0	347899.0	759025.0	26339445.0
NS.1223.004.NEBNext_dual_i7_C6---NEBNext_dual_i5_C6.24_32_vHIP_R2	6352.0	6481.0	6345.0	6299.0	6037.0	5881.0	6133.0	6073.0	6101.0	6192.0	6236.0	6479.0	6679.0	6567.0	6790.0	7098.0	7497.0	7721.0	8075.0	8633.0	9451.0	10531.0	11684.0	12548.0	14377.0	16844.0	19764.0	23403.0	27240.0	31108.0	37143.0	44648.0	54411.0	64622.0	76723.0	92601.0	111432.0	146900.0	376066.0	890126.0	26181958.0
NS.1223.004.NEBNext_dual_i7_C7---NEBNext_dual_i5_C7.07_09_dHIP_R1	8010.0	9391.0	10464.0	10123.0	9573.0	9354.0	8913.0	8311.0	8358.0	8606.0	8546.0	8642.0	8688.0	9226.0	9221.0	9691.0	9974.0	10459.0	11048.0	11935.0	13349.0	14899.0	16312.0	18448.0	20609.0	23459.0	27448.0	31952.0	37036.0	42856.0	50025.0	59817.0	72482.0	85965.0	102800.0	124918.0	151825.0	199222.0	520971.0	1216617.0	42568403.0
NS.1223.004.NEBNext_dual_i7_C7---NEBNext_dual_i5_C7.07_09_dHIP_R2	10659.0	10516.0	10406.0	10603.0	10386.0	10308.0	10119.0	10151.0	10133.0	10063.0	10757.0	10778.0	11093.0	11151.0	11281.0	12165.0	12302.0	12569.0	12816.0	13854.0	14831.0	16202.0	17489.0	19025.0	21491.0	23981.0	27866.0	32666.0	37615.0	42713.0	50326.0	59634.0	71571.0	84868.0	102006.0	124136.0	149276.0	201534.0	571749.0	1430358.0	42266499.0
NS.1223.004.NEBNext_dual_i7_C8---NEBNext_dual_i5_C8.06_38_ACC_R1	4880.0	5524.0	6043.0	6096.0	5887.0	5558.0	5404.0	5142.0	5341.0	5349.0	5365.0	5422.0	5631.0	5745.0	5807.0	6169.0	6469.0	6755.0	7144.0	7692.0	8627.0	9771.0	11595.0	12998.0	14546.0	16835.0	19672.0	22753.0	26155.0	29986.0	35160.0	42966.0	51528.0	61785.0	73804.0	89193.0	108435.0	140285.0	345209.0	787179.0	27690948.0
NS.1223.004.NEBNext_dual_i7_C8---NEBNext_dual_i5_C8.06_38_ACC_R2	6825.0	6957.0	6440.0	6655.0	6564.0	6492.0	6481.0	6338.0	6596.0	6598.0	6563.0	6836.0	6888.0	6872.0	7251.0	7744.0	7729.0	8054.0	8433.0	8690.0	9779.0	10617.0	11502.0	12515.0	14196.0	16006.0	18872.0	22474.0	25918.0	29995.0	35387.0	42655.0	51582.0	61704.0	74129.0	89744.0	108874.0	143954.0	385815.0	939130.0	27470999.0
NS.1223.004.NEBNext_dual_i7_C9---NEBNext_dual_i5_C9.01_09_vHIP_R1	5500.0	6153.0	6909.0	6495.0	6059.0	5883.0	5664.0	5370.0	5310.0	5468.0	5425.0	5270.0	5714.0	5820.0	6024.0	6325.0	6702.0	6920.0	7522.0	8257.0	8930.0	10365.0	11688.0	13352.0	15188.0	17563.0	20809.0	24534.0	28579.0	33218.0	39950.0	48359.0	58363.0	69264.0	83000.0	99633.0	120286.0	153911.0	361302.0	786131.0	27121468.0
NS.1223.004.NEBNext_dual_i7_C9---NEBNext_dual_i5_C9.01_09_vHIP_R2	6807.0	6734.0	6370.0	6499.0	6640.0	6443.0	6449.0	6332.0	6414.0	6589.0	6749.0	6678.0	7064.0	6920.0	7411.0	7795.0	8188.0	8268.0	8669.0	9412.0	10029.0	11323.0	12538.0	13945.0	15726.0	17913.0	21232.0	24956.0	28859.0	33263.0	39759.0	47992.0	57792.0	68662.0	82452.0	98978.0	118917.0	156031.0	395639.0	928480.0	26921766.0
NS.1223.004.NEBNext_dual_i7_D1---NEBNext_dual_i5_D1.16_38_vHIP_R1	6124.0	7007.0	7858.0	7696.0	7065.0	7014.0	6694.0	6513.0	6412.0	6506.0	6544.0	6585.0	6704.0	7255.0	7339.0	7749.0	8238.0	8442.0	9123.0	10189.0	11128.0	12746.0	14280.0	15942.0	18123.0	21263.0	24573.0	29077.0	33477.0	38901.0	46158.0	55935.0	65631.0	79209.0	93159.0	111909.0	134018.0	173690.0	415238.0	928134.0	31964147.0
NS.1223.004.NEBNext_dual_i7_D1---NEBNext_dual_i5_D1.16_38_vHIP_R2	7952.0	8055.0	7708.0	8011.0	7697.0	7683.0	7757.0	7880.0	7826.0	7752.0	8190.0	8371.0	8540.0	8533.0	8846.0	9611.0	9876.0	10317.0	10719.0	11352.0	12576.0	13875.0	14934.0	16382.0	18808.0	21600.0	24800.0	29397.0	33643.0	39227.0	46158.0	55557.0	65586.0	78468.0	92670.0	111268.0	132738.0	176218.0	458009.0	1094583.0	31724622.0
NS.1223.004.NEBNext_dual_i7_D2---NEBNext_dual_i5_D2.03_13_dHIP_R1	10260.0	11407.0	12747.0	12337.0	11559.0	11098.0	10997.0	10560.0	10390.0	10462.0	10454.0	10743.0	10996.0	11378.0	11520.0	12321.0	13018.0	13533.0	15175.0	16048.0	17907.0	20251.0	22942.0	26109.0	29445.0	34769.0	41099.0	48780.0	56519.0	66235.0	78435.0	95038.0	114993.0	137332.0	161215.0	195049.0	233626.0	297994.0	681014.0	1470265.0	49948924.0
NS.1223.004.NEBNext_dual_i7_D2---NEBNext_dual_i5_D2.03_13_dHIP_R2	11833.0	11928.0	11635.0	11793.0	11531.0	11546.0	11764.0	11665.0	11649.0	11837.0	12299.0	12477.0	12852.0	13053.0	13401.0	14313.0	15005.0	15708.0	16571.0	17821.0	19257.0	21622.0	23558.0	26471.0	30249.0	34834.0	41044.0	49076.0	56379.0	65737.0	77562.0	93194.0	112935.0	134248.0	158692.0	191220.0	226671.0	294255.0	726207.0	1699147.0	49671905.0
NS.1223.004.NEBNext_dual_i7_D3---NEBNext_dual_i5_D3.14_35_ACC_R1	6224.0	7144.0	7807.0	7397.0	6892.0	6669.0	6563.0	6230.0	6297.0	6475.0	6643.0	6717.0	6961.0	7042.0	7260.0	7401.0	7596.0	7915.0	8504.0	9420.0	10597.0	12361.0	14828.0	17542.0	19699.0	22368.0	25157.0	27711.0	31266.0	35454.0	41097.0	49290.0	58968.0	70860.0	84139.0	101695.0	122166.0	158021.0	386126.0	872509.0	29613121.0
NS.1223.004.NEBNext_dual_i7_D3---NEBNext_dual_i5_D3.14_35_ACC_R2	7298.0	7568.0	7235.0	7415.0	7094.0	7151.0	7043.0	6966.0	6980.0	7239.0	7287.0	7471.0	7687.0	7534.0	8156.0	8570.0	8830.0	8863.0	9456.0	10046.0	11039.0	11945.0	12994.0	14561.0	16026.0	18402.0	21577.0	25457.0	29634.0	34188.0	40777.0	48689.0	58305.0	69916.0	84427.0	101688.0	122461.0	159214.0	423246.0	1011098.0	29446599.0
NS.1223.004.NEBNext_dual_i7_D4---NEBNext_dual_i5_D4.23_38_vHIP_R1	4852.0	5585.0	5988.0	6069.0	5547.0	5372.0	5049.0	4900.0	4846.0	4947.0	4913.0	5087.0	5047.0	5284.0	5344.0	5637.0	5842.0	6061.0	6786.0	7017.0	7722.0	8788.0	10029.0	11177.0	12708.0	14539.0	17009.0	19988.0	23114.0	26594.0	31298.0	37580.0	45420.0	54476.0	64470.0	78537.0	95528.0	124529.0	312888.0	717673.0	25090660.0
NS.1223.004.NEBNext_dual_i7_D4---NEBNext_dual_i5_D4.23_38_vHIP_R2	5695.0	5779.0	5572.0	5725.0	5579.0	5549.0	5607.0	5492.0	5624.0	5683.0	5877.0	5834.0	6148.0	6142.0	6303.0	6695.0	6864.0	7382.0	7557.0	7837.0	8557.0	9502.0	10307.0	11203.0	12799.0	14415.0	16804.0	19924.0	23058.0	26358.0	31052.0	36872.0	44867.0	53186.0	63708.0	77541.0	93028.0	124834.0	344320.0	843839.0	24925782.0
NS.1223.004.NEBNext_dual_i7_D5---NEBNext_dual_i5_D5.19_26_dHIP_R1	4803.0	5628.0	6261.0	6058.0	5724.0	5251.0	5207.0	5014.0	4972.0	5057.0	5077.0	5183.0	5335.0	5495.0	5798.0	6039.0	6585.0	6951.0	7418.0	8162.0	9138.0	10199.0	11773.0	13117.0	14995.0	17470.0	20095.0	24039.0	27989.0	32051.0	38149.0	45921.0	54886.0	64737.0	76391.0	92042.0	108777.0	139192.0	321745.0	697327.0	23965670.0
NS.1223.004.NEBNext_dual_i7_D5---NEBNext_dual_i5_D5.19_26_dHIP_R2	6504.0	6503.0	6273.0	6244.0	6187.0	6090.0	6187.0	5902.0	6018.0	6212.0	6330.0	6648.0	6808.0	6655.0	7231.0	7701.0	7901.0	8233.0	8514.0	9279.0	10285.0	11297.0	12536.0	13829.0	15517.0	17904.0	20747.0	24682.0	28614.0	32744.0	38801.0	46367.0	55117.0	65170.0	77363.0	93482.0	110308.0	146867.0	368908.0	854523.0	23719240.0
NS.1223.004.NEBNext_dual_i7_D6---NEBNext_dual_i5_D6.21_38_ACC_R1	8058.0	9373.0	10360.0	9948.0	9264.0	8901.0	8477.0	8177.0	8101.0	8201.0	8358.0	8554.0	8637.0	8738.0	8761.0	9265.0	9525.0	9972.0	10708.0	11680.0	12824.0	14446.0	17220.0	19605.0	22158.0	24865.0	27735.0	31832.0	36040.0	41193.0	47083.0	56993.0	68848.0	81545.0	97907.0	118748.0	145563.0	190155.0	493348.0	1156820.0	40448935.0
NS.1223.004.NEBNext_dual_i7_D6---NEBNext_dual_i5_D6.21_38_ACC_R2	10744.0	10548.0	10068.0	10265.0	10079.0	10043.0	9850.0	9770.0	10035.0	10055.0	10593.0	10531.0	10540.0	10617.0	10937.0	11729.0	11919.0	12011.0	12623.0	12985.0	14424.0	15343.0	16504.0	18167.0	20301.0	22686.0	26161.0	31258.0	35817.0	40782.0	47351.0	57124.0	68718.0	81070.0	99247.0	120085.0	144273.0	194375.0	555259.0	1377741.0	40134293.0
NS.1223.004.NEBNext_dual_i7_D7---NEBNext_dual_i5_D7.07_09_vHIP_R1	5515.0	6302.0	6892.0	6436.0	6184.0	5878.0	5742.0	5560.0	5466.0	5555.0	5535.0	5680.0	5642.0	5909.0	6107.0	6506.0	6828.0	7281.0	7971.0	8607.0	9519.0	10794.0	12353.0	13592.0	15644.0	18054.0	20937.0	24952.0	28706.0	33574.0	39374.0	47305.0	57569.0	67849.0	80876.0	96848.0	116847.0	150241.0	353067.0	777187.0	26753542.0
NS.1223.004.NEBNext_dual_i7_D7---NEBNext_dual_i5_D7.07_09_vHIP_R2	6439.0	6651.0	6401.0	6473.0	6261.0	6248.0	6289.0	6274.0	6335.0	6447.0	6638.0	6777.0	7042.0	6975.0	7188.0	7921.0	8025.0	8476.0	8986.0	9420.0	10327.0	11568.0	12575.0	13684.0	15986.0	18240.0	20767.0	25027.0	28747.0	33457.0	38946.0	46652.0	56569.0	66624.0	79566.0	94944.0	112905.0	148098.0	381422.0	901575.0	26595481.0
NS.1223.004.NEBNext_dual_i7_D8---NEBNext_dual_i5_D8.06_38_dHIP_R1	6815.0	7773.0	8763.0	8405.0	7733.0	7615.0	7077.0	7007.0	6897.0	7022.0	7020.0	7043.0	7213.0	7416.0	7714.0	8187.0	8453.0	8683.0	9419.0	10299.0	11485.0	12961.0	14648.0	16330.0	18568.0	21665.0	25189.0	30043.0	34785.0	40548.0	48254.0	57872.0	70232.0	83507.0	98593.0	120254.0	145740.0	187171.0	454541.0	1019480.0	35533347.0
NS.1223.004.NEBNext_dual_i7_D8---NEBNext_dual_i5_D8.06_38_dHIP_R2	8318.0	8358.0	8009.0	8169.0	8111.0	8038.0	7808.0	8061.0	7890.0	8141.0	8407.0	8556.0	8812.0	8398.0	9130.0	9512.0	9662.0	10064.0	10823.0	11407.0	12571.0	13663.0	14976.0	16524.0	18871.0	21697.0	25227.0	30046.0	34860.0	40161.0	47740.0	57129.0	68814.0	82125.0	97536.0	118665.0	142064.0	187878.0	499448.0	1203900.0	35292198.0
NS.1223.004.NEBNext_dual_i7_D9---NEBNext_dual_i5_D9.03_15_ACC_R1	4763.0	5381.0	6040.0	5886.0	5416.0	5271.0	4989.0	4881.0	4667.0	4913.0	4803.0	4876.0	4900.0	5051.0	5222.0	5679.0	5738.0	5941.0	6506.0	7041.0	7886.0	9028.0	10348.0	11841.0	13435.0	15495.0	18364.0	21164.0	24389.0	27782.0	33501.0	39905.0	48836.0	58119.0	69072.0	83958.0	101479.0	130237.0	310111.0	690048.0	23856440.0
NS.1223.004.NEBNext_dual_i7_D9---NEBNext_dual_i5_D9.03_15_ACC_R2	6037.0	5928.0	5882.0	5912.0	5809.0	5711.0	5711.0	5675.0	5881.0	5910.0	5849.0	5865.0	6160.0	6080.0	6290.0	6817.0	7023.0	7049.0	7462.0	7813.0	8655.0	9549.0	10345.0	11554.0	12964.0	14864.0	17874.0	20905.0	24241.0	27726.0	33407.0	39636.0	48320.0	57799.0	69086.0	83591.0	100391.0	131538.0	340345.0	810866.0	23690882.0
NS.1223.004.NEBNext_dual_i7_E1---NEBNext_dual_i5_E1.27_32_ACC_R1	5211.0	6068.0	6673.0	6533.0	6053.0	5858.0	5713.0	5524.0	5389.0	5572.0	5403.0	5570.0	5651.0	5871.0	5926.0	6410.0	6759.0	6906.0	7580.0	8183.0	9104.0	10170.0	11874.0	13390.0	15526.0	17827.0	20947.0	24213.0	27978.0	32572.0	38788.0	46473.0	55465.0	66341.0	79728.0	96007.0	115702.0	149294.0	355825.0	789487.0	27142477.0
NS.1223.004.NEBNext_dual_i7_E1---NEBNext_dual_i5_E1.27_32_ACC_R2	6858.0	6893.0	6547.0	6775.0	6591.0	6546.0	6404.0	6416.0	6571.0	6650.0	6853.0	6920.0	6974.0	6857.0	7256.0	7776.0	8253.0	8220.0	8645.0	9100.0	10195.0	10875.0	12044.0	13364.0	15137.0	17218.0	20105.0	24114.0	27739.0	32364.0	38476.0	45853.0	55466.0	65446.0	79288.0	95087.0	113615.0	148224.0	382850.0	912728.0	26978748.0
NS.1223.004.NEBNext_dual_i7_E2---NEBNext_dual_i5_E2.03_13_vHIP_R1	6923.0	7950.0	8790.0	8560.0	7769.0	7713.0	7285.0	7046.0	6919.0	7005.0	7070.0	6888.0	7013.0	7442.0	7610.0	8100.0	8301.0	8662.0	9419.0	10381.0	11231.0	12897.0	14603.0	16714.0	18740.0	21845.0	25297.0	30312.0	34931.0	41204.0	48129.0	58291.0	70672.0	84771.0	100373.0	121230.0	146802.0	187884.0	448550.0	997772.0	34383332.0
NS.1223.004.NEBNext_dual_i7_E2---NEBNext_dual_i5_E2.03_13_vHIP_R2	8929.0	8851.0	8687.0	8713.0	8483.0	8540.0	8357.0	8445.0	8453.0	8333.0	8668.0	8909.0	8975.0	9066.0	9454.0	10106.0	10172.0	10578.0	11109.0	11964.0	12852.0	14192.0	15580.0	17225.0	19362.0	21970.0	25765.0	30838.0	35591.0	41477.0	48803.0	58318.0	70916.0	84842.0	100778.0	121963.0	146335.0	193667.0	500076.0	1190309.0	34096775.0
NS.1223.004.NEBNext_dual_i7_E3---NEBNext_dual_i5_E3.14_35_dHIP_R1	10979.0	12437.0	13840.0	13421.0	12440.0	11878.0	11432.0	10883.0	10999.0	11180.0	10958.0	10724.0	11139.0	11235.0	11460.0	12063.0	12436.0	12976.0	13764.0	15037.0	16369.0	18674.0	21294.0	23777.0	27037.0	31324.0	36329.0	42208.0	49397.0	57042.0	68238.0	82846.0	99687.0	119334.0	142291.0	173697.0	210113.0	272787.0	682872.0	1547666.0	53502502.0
NS.1223.004.NEBNext_dual_i7_E3---NEBNext_dual_i5_E3.14_35_dHIP_R2	13354.0	13265.0	13065.0	13258.0	12736.0	12443.0	12800.0	12614.0	12672.0	13039.0	13297.0	13021.0	13756.0	13395.0	13928.0	15100.0	15306.0	15276.0	16181.0	16972.0	18304.0	20025.0	22124.0	24026.0	27144.0	31013.0	35942.0	42488.0	49456.0	56550.0	67820.0	81788.0	98656.0	117300.0	140802.0	171289.0	205842.0	272450.0	738237.0	1803934.0	53166097.0
NS.1223.004.NEBNext_dual_i7_E4---NEBNext_dual_i5_E4.04_09_ACC_R1	6529.0	7327.0	8168.0	8135.0	7318.0	7023.0	6971.0	6500.0	6487.0	6410.0	6638.0	6705.0	6771.0	7010.0	7147.0	7359.0	7763.0	8131.0	8673.0	9270.0	10599.0	12031.0	14344.0	16482.0	18658.0	21289.0	24459.0	28339.0	32569.0	37603.0	44506.0	53523.0	64921.0	77187.0	93105.0	112464.0	135179.0	174591.0	417997.0	933551.0	32689482.0
NS.1223.004.NEBNext_dual_i7_E4---NEBNext_dual_i5_E4.04_09_ACC_R2	7983.0	7911.0	7823.0	7812.0	7494.0	7594.0	7461.0	7443.0	7565.0	7395.0	7703.0	7858.0	8035.0	7874.0	8220.0	8908.0	9070.0	9100.0	9734.0	10174.0	11295.0	12428.0	13747.0	15125.0	17201.0	19525.0	22773.0	27499.0	32013.0	36978.0	44325.0	52858.0	64379.0	76339.0	93119.0	112197.0	133867.0	176801.0	460490.0	1105481.0	32467617.0
NS.1223.004.NEBNext_dual_i7_E5---NEBNext_dual_i5_E5.19_26_vHIP_R1	6570.0	7445.0	8284.0	8104.0	7526.0	7147.0	7058.0	6649.0	6653.0	6721.0	6679.0	6601.0	6837.0	6964.0	7424.0	7973.0	8057.0	8575.0	9089.0	10222.0	11090.0	12446.0	14225.0	15932.0	18090.0	21379.0	24829.0	29107.0	34242.0	39430.0	46482.0	56018.0	67495.0	80203.0	94976.0	114853.0	137538.0	177316.0	425703.0	938218.0	32461257.0
NS.1223.004.NEBNext_dual_i7_E5---NEBNext_dual_i5_E5.19_26_vHIP_R2	8238.0	8168.0	7840.0	7913.0	7867.0	7918.0	7834.0	7857.0	7673.0	7995.0	8193.0	8299.0	8493.0	8522.0	8944.0	9418.0	9648.0	10150.0	10752.0	11479.0	12458.0	13685.0	14851.0	16326.0	18710.0	21492.0	25092.0	29425.0	34429.0	39516.0	46354.0	55890.0	67333.0	79888.0	95366.0	114809.0	137376.0	181330.0	470829.0	1112928.0	32210119.0
NS.1223.004.NEBNext_dual_i7_E6---NEBNext_dual_i5_E6.21_38_dHIP_R1	5423.0	6063.0	6667.0	6511.0	6254.0	5878.0	5643.0	5427.0	5415.0	5395.0	5356.0	5331.0	5509.0	5640.0	5772.0	6061.0	6425.0	6774.0	7141.0	7808.0	8361.0	9496.0	10654.0	12008.0	13667.0	15728.0	18355.0	21650.0	25185.0	29369.0	34451.0	41114.0	50312.0	60148.0	71104.0	86299.0	104917.0	135818.0	341659.0	775629.0	27196001.0
NS.1223.004.NEBNext_dual_i7_E6---NEBNext_dual_i5_E6.21_38_dHIP_R2	7407.0	7607.0	7268.0	7348.0	7103.0	7206.0	7057.0	6900.0	6877.0	6865.0	7192.0	7226.0	7508.0	7403.0	7622.0	8090.0	8338.0	8330.0	8940.0	9155.0	9940.0	11087.0	11911.0	12803.0	14504.0	16413.0	19246.0	22771.0	26206.0	30149.0	35537.0	41706.0	50947.0	61080.0	72647.0	88644.0	107164.0	145098.0	393352.0	953180.0	26906591.0
NS.1223.004.NEBNext_dual_i7_E7---NEBNext_dual_i5_E7.25_31_ACC_R1	4252.0	4949.0	5560.0	5520.0	5068.0	5012.0	4763.0	4566.0	4500.0	4839.0	4810.0	5051.0	5036.0	5307.0	5157.0	5318.0	5654.0	5806.0	6219.0	6915.0	7514.0	8403.0	10160.0	11471.0	12861.0	14582.0	16502.0	18721.0	20918.0	24250.0	28326.0	33465.0	40234.0	48570.0	57337.0	69809.0	85034.0	110160.0	288965.0	680316.0	23917852.0
NS.1223.004.NEBNext_dual_i7_E7---NEBNext_dual_i5_E7.25_31_ACC_R2	5417.0	5500.0	5458.0	5462.0	5324.0	5326.0	5315.0	5442.0	5487.0	5462.0	5492.0	5783.0	5746.0	5931.0	6119.0	6421.0	6460.0	6851.0	6958.0	7441.0	8053.0	8658.0	9498.0	10403.0	11663.0	13209.0	15305.0	17976.0	20510.0	23803.0	28111.0	33206.0	39548.0	47896.0	57036.0	68911.0	83578.0	109854.0	315374.0	789242.0	23780523.0
NS.1223.004.NEBNext_dual_i7_E8---NEBNext_dual_i5_E8.06_38_vHIP_R1	7862.0	8715.0	9657.0	9377.0	8664.0	8333.0	7856.0	7583.0	7528.0	7653.0	7346.0	7711.0	7593.0	7707.0	8022.0	8322.0	8704.0	9097.0	9694.0	10589.0	11731.0	13317.0	15100.0	16773.0	19126.0	22079.0	25927.0	30456.0	35433.0	40944.0	48759.0	58704.0	71315.0	85170.0	101911.0	123142.0	148644.0	194446.0	482005.0	1087812.0	37991762.0
NS.1223.004.NEBNext_dual_i7_E8---NEBNext_dual_i5_E8.06_38_vHIP_R2	9545.0	9385.0	9417.0	9328.0	9124.0	9034.0	8845.0	8989.0	9198.0	8886.0	9348.0	9575.0	9611.0	9497.0	9830.0	10551.0	10663.0	10968.0	11597.0	12225.0	13291.0	14491.0	15729.0	17356.0	19624.0	22094.0	26069.0	30984.0	35505.0	41070.0	48785.0	58304.0	70630.0	84416.0	101669.0	122119.0	146283.0	196688.0	530495.0	1287918.0	37713433.0
NS.1223.004.NEBNext_dual_i7_E9---NEBNext_dual_i5_E9.03_15_dHIP_R1	5531.0	6218.0	6862.0	6751.0	6306.0	5870.0	5948.0	5509.0	5527.0	5784.0	5578.0	5638.0	5736.0	6164.0	6183.0	6581.0	7141.0	7281.0	8094.0	8849.0	9846.0	10713.0	12303.0	13897.0	15709.0	18371.0	21591.0	26087.0	30012.0	34624.0	40750.0	49362.0	59747.0	70331.0	83568.0	100520.0	120233.0	153805.0	360251.0	789472.0	27077634.0
NS.1223.004.NEBNext_dual_i7_E9---NEBNext_dual_i5_E9.03_15_dHIP_R2	6803.0	7058.0	6751.0	6662.0	6603.0	6583.0	6598.0	6771.0	6642.0	6635.0	6946.0	6938.0	7447.0	7375.0	7656.0	8210.0	8804.0	8697.0	9310.0	9997.0	10949.0	11974.0	13103.0	14555.0	16402.0	18878.0	22116.0	26710.0	30415.0	34908.0	41244.0	48873.0	59288.0	69677.0	83163.0	100223.0	118098.0	155957.0	397634.0	931787.0	26871937.0
NS.1223.004.NEBNext_dual_i7_F1---NEBNext_dual_i5_F1.27_32_dHIP_R1	5479.0	6104.0	6882.0	6540.0	6030.0	5834.0	5786.0	5315.0	5343.0	5243.0	5289.0	5332.0	5432.0	5515.0	5672.0	5870.0	6135.0	6318.0	6967.0	7269.0	8041.0	8792.0	9817.0	11305.0	12511.0	14514.0	16928.0	20009.0	23161.0	27051.0	31987.0	38951.0	47131.0	56865.0	66901.0	81965.0	99273.0	129615.0	325676.0	740431.0	25665616.0
NS.1223.004.NEBNext_dual_i7_F1---NEBNext_dual_i5_F1.27_32_dHIP_R2	6192.0	6449.0	6056.0	5948.0	5890.0	5823.0	5981.0	5814.0	5907.0	5913.0	6100.0	6111.0	6169.0	6129.0	6353.0	6718.0	7080.0	7150.0	7571.0	7940.0	8690.0	9395.0	9938.0	11259.0	12702.0	14188.0	16832.0	20108.0	22895.0	26801.0	31186.0	37877.0	45953.0	55316.0	65283.0	79977.0	95226.0	127854.0	351577.0	865479.0	25519065.0
NS.1223.004.NEBNext_dual_i7_F2---NEBNext_dual_i5_F2.08_09_ACC_R1	6426.0	7318.0	8390.0	8149.0	7828.0	7275.0	7130.0	6720.0	6513.0	6656.0	6763.0	6938.0	7000.0	7250.0	7344.0	7852.0	8095.0	8510.0	9325.0	10103.0	11252.0	12742.0	14781.0	17041.0	19155.0	21845.0	25256.0	29351.0	33574.0	38718.0	45412.0	54231.0	64732.0	77433.0	91812.0	110504.0	132651.0	171329.0	419448.0	944778.0	32564841.0
NS.1223.004.NEBNext_dual_i7_F2---NEBNext_dual_i5_F2.08_09_ACC_R2	7941.0	7779.0	7632.0	7835.0	7471.0	7578.0	7424.0	7562.0	7798.0	7691.0	7844.0	8161.0	8330.0	8421.0	8552.0	9248.0	9579.0	9883.0	10406.0	11020.0	11982.0	13201.0	14603.0	16315.0	18237.0	20700.0	24265.0	28736.0	33129.0	37942.0	45267.0	53522.0	63969.0	76620.0	91177.0	109558.0	130257.0	171503.0	459227.0	1102869.0	32361237.0
NS.1223.004.NEBNext_dual_i7_F3---NEBNext_dual_i5_F3.14_35_vHIP_R1	4871.0	5410.0	6056.0	5630.0	5489.0	4954.0	4861.0	4691.0	4626.0	4691.0	4442.0	4592.0	4611.0	4821.0	4899.0	5242.0	5486.0	5612.0	6098.0	6624.0	7169.0	8307.0	9234.0	10314.0	11824.0	13888.0	16223.0	19361.0	22238.0	26227.0	31539.0	37529.0	45668.0	54477.0	65154.0	78859.0	95170.0	122015.0	298861.0	664341.0	23334428.0
NS.1223.004.NEBNext_dual_i7_F3---NEBNext_dual_i5_F3.14_35_vHIP_R2	6000.0	6016.0	5746.0	5841.0	5830.0	5723.0	5644.0	5488.0	5430.0	5493.0	5621.0	5748.0	5957.0	5715.0	6057.0	6513.0	6568.0	6849.0	7204.0	7671.0	8234.0	9073.0	9901.0	10613.0	12328.0	14031.0	16661.0	19796.0	22729.0	26417.0	31448.0	37680.0	45723.0	54373.0	65406.0	78953.0	94955.0	125949.0	331275.0	795809.0	23144064.0
NS.1223.004.NEBNext_dual_i7_F4---NEBNext_dual_i5_F4.04_09_dHIP_R1	3966.0	4480.0	5023.0	4868.0	4561.0	4289.0	4067.0	3985.0	3904.0	4046.0	3947.0	3925.0	3950.0	4054.0	4267.0	4439.0	4700.0	4741.0	5140.0	5547.0	6105.0	6774.0	7830.0	8718.0	9754.0	11469.0	13146.0	15843.0	18251.0	21166.0	25235.0	30517.0	37029.0	44042.0	52821.0	64374.0	77119.0	101122.0	252198.0	571876.0	19849284.0
NS.1223.004.NEBNext_dual_i7_F4---NEBNext_dual_i5_F4.04_09_dHIP_R2	5193.0	5210.0	4883.0	5001.0	4831.0	4808.0	4730.0	4749.0	4876.0	4714.0	4971.0	4972.0	5121.0	5032.0	5294.0	5423.0	5606.0	5661.0	6039.0	6429.0	6903.0	7552.0	8163.0	8846.0	10063.0	11514.0	13398.0	16179.0	18416.0	21224.0	25270.0	30278.0	36707.0	43646.0	52539.0	64325.0	76457.0	103157.0	277066.0	676130.0	19701196.0
NS.1223.004.NEBNext_dual_i7_F5---NEBNext_dual_i5_F5.13_09_ACC_R1	6502.0	7368.0	8117.0	7997.0	7486.0	7220.0	7035.0	6795.0	6514.0	6937.0	7100.0	7161.0	7376.0	7800.0	7772.0	8482.0	8915.0	9268.0	10197.0	10952.0	12317.0	14495.0	16731.0	19335.0	22198.0	25222.0	28481.0	32774.0	36800.0	42766.0	49219.0	58934.0	70115.0	83441.0	97398.0	117354.0	139316.0	178855.0	422478.0	930506.0	31361800.0
NS.1223.004.NEBNext_dual_i7_F5---NEBNext_dual_i5_F5.13_09_ACC_R2	7997.0	8216.0	7865.0	8126.0	7988.0	7702.0	8014.0	7914.0	7934.0	8089.0	8359.0	8405.0	8927.0	8859.0	9205.0	9996.0	10425.0	10705.0	11263.0	11942.0	13175.0	14699.0	15848.0	17722.0	20132.0	22902.0	26835.0	31942.0	36108.0	42251.0	49215.0	58465.0	69849.0	82611.0	97853.0	117327.0	138621.0	180107.0	454715.0	1067145.0	31182076.0
NS.1223.004.NEBNext_dual_i7_F6---NEBNext_dual_i5_F6.21_38_vHIP_R1	6543.0	7254.0	8196.0	7969.0	7226.0	7193.0	6819.0	6605.0	6417.0	6586.0	6370.0	6560.0	6736.0	6974.0	7121.0	7587.0	8013.0	8344.0	8955.0	9919.0	10943.0	12592.0	14046.0	15600.0	17926.0	20693.0	24521.0	28639.0	33631.0	38953.0	46187.0	55332.0	67120.0	79478.0	93677.0	113638.0	136256.0	176694.0	415810.0	915206.0	31369871.0
NS.1223.004.NEBNext_dual_i7_F6---NEBNext_dual_i5_F6.21_38_vHIP_R2	7789.0	7877.0	7485.0	7638.0	7516.0	7426.0	7616.0	7355.0	7564.0	7570.0	7747.0	7848.0	8068.0	8113.0	8423.0	9126.0	9445.0	9690.0	10159.0	11136.0	12082.0	13559.0	14634.0	16208.0	18346.0	20967.0	24769.0	28996.0	33634.0	38633.0	45899.0	54788.0	66433.0	78358.0	92938.0	111858.0	134223.0	176234.0	450321.0	1065263.0	31170466.0
NS.1223.004.NEBNext_dual_i7_F7---NEBNext_dual_i5_F7.25_31_dHIP_R1	6786.0	7588.0	8547.0	8333.0	7714.0	7187.0	6943.0	6686.0	6536.0	6713.0	6405.0	6586.0	6646.0	6869.0	6992.0	7325.0	7607.0	7950.0	8513.0	9132.0	10112.0	11330.0	12929.0	14213.0	16346.0	18717.0	21854.0	26192.0	30325.0	35175.0	41868.0	50967.0	60854.0	73244.0	87166.0	105856.0	128041.0	166613.0	412484.0	934435.0	32701603.0
NS.1223.004.NEBNext_dual_i7_F7---NEBNext_dual_i5_F7.25_31_dHIP_R2	7681.0	7949.0	7635.0	7767.0	7572.0	7451.0	7517.0	7505.0	7482.0	7436.0	7585.0	7794.0	8102.0	8046.0	8298.0	8964.0	8987.0	9199.0	9745.0	10278.0	11257.0	12398.0	13533.0	14773.0	16664.0	18906.0	21977.0	26513.0	30461.0	35083.0	41923.0	50408.0	60173.0	72177.0	85929.0	104011.0	125041.0	166297.0	448095.0	1096150.0	32492620.0
NS.1223.004.NEBNext_dual_i7_F8---NEBNext_dual_i5_F8.11_09_ACC_R1	4971.0	5783.0	6436.0	6182.0	5613.0	5399.0	5121.0	4938.0	4722.0	4991.0	4807.0	4883.0	5045.0	5176.0	5273.0	5413.0	5680.0	5840.0	6290.0	6852.0	7477.0	8478.0	9979.0	11401.0	12819.0	15051.0	17031.0	19566.0	22148.0	25598.0	30180.0	36079.0	43884.0	53194.0	63107.0	76707.0	92564.0	121341.0	304382.0	695351.0	24031994.0
NS.1223.004.NEBNext_dual_i7_F8---NEBNext_dual_i5_F8.11_09_ACC_R2	6067.0	6157.0	6057.0	6068.0	5811.0	5794.0	5793.0	5829.0	5854.0	5759.0	5816.0	6023.0	6168.0	6018.0	6283.0	6721.0	6721.0	6732.0	7139.0	7618.0	8235.0	8830.0	9694.0	10788.0	11930.0	13876.0	16079.0	19254.0	21763.0	25444.0	30224.0	35688.0	43741.0	52569.0	62904.0	75980.0	91571.0	121530.0	328070.0	803689.0	23891459.0
NS.1223.004.NEBNext_dual_i7_F9---NEBNext_dual_i5_F9.03_15_vHIP_R1	12560.0	14209.0	15823.0	15531.0	14529.0	13884.0	13293.0	13003.0	12512.0	12668.0	12545.0	12733.0	12965.0	13517.0	13759.0	14601.0	15108.0	16021.0	16971.0	18523.0	20154.0	22755.0	25532.0	28847.0	32255.0	37704.0	44038.0	51750.0	59809.0	69619.0	82118.0	99184.0	120129.0	143213.0	168629.0	204993.0	248579.0	321179.0	797769.0	1817031.0	63962268.0
NS.1223.004.NEBNext_dual_i7_F9---NEBNext_dual_i5_F9.03_15_vHIP_R2	15421.0	15565.0	14926.0	15505.0	15148.0	15003.0	14967.0	14810.0	15176.0	15033.0	15385.0	15883.0	16426.0	16221.0	16602.0	17965.0	18385.0	18878.0	19640.0	21021.0	22461.0	24792.0	26927.0	29498.0	33315.0	37838.0	44687.0	52762.0	60483.0	69768.0	82182.0	98538.0	118874.0	141303.0	167515.0	203656.0	243411.0	325055.0	881660.0	2155022.0	63494603.0
NS.1223.004.NEBNext_dual_i7_G1---NEBNext_dual_i5_G1.27_32_vHIP_R1	5191.0	6080.0	6765.0	6670.0	6277.0	5888.0	5583.0	5242.0	5411.0	5375.0	5379.0	5377.0	5487.0	5552.0	5798.0	6164.0	6298.0	6486.0	6957.0	7521.0	8734.0	9648.0	10883.0	12341.0	13683.0	16377.0	19191.0	22869.0	26659.0	30755.0	36823.0	44486.0	53906.0	64657.0	77123.0	93698.0	112882.0	146399.0	353558.0	785553.0	27014760.0
NS.1223.004.NEBNext_dual_i7_G1---NEBNext_dual_i5_G1.27_32_vHIP_R2	7053.0	6982.0	6726.0	6798.0	6638.0	6386.0	6440.0	6624.0	6329.0	6580.0	6630.0	6483.0	6968.0	6886.0	7062.0	7305.0	7617.0	7948.0	8402.0	8641.0	9512.0	10376.0	11335.0	12618.0	14202.0	16152.0	19095.0	23087.0	26851.0	30744.0	36597.0	44195.0	53480.0	64186.0	77005.0	93521.0	110937.0	149477.0	391596.0	936062.0	26802960.0
NS.1223.004.NEBNext_dual_i7_G2---NEBNext_dual_i5_G2.08_09_dHIP_R1	4884.0	5603.0	6086.0	5696.0	5449.0	5095.0	4960.0	4727.0	4659.0	4691.0	4449.0	4653.0	4705.0	4919.0	5028.0	5394.0	5556.0	5726.0	6149.0	6725.0	7522.0	8560.0	9957.0	11372.0	13089.0	15302.0	17445.0	21260.0	24830.0	29313.0	34757.0	41618.0	50921.0	61227.0	72643.0	87814.0	104889.0	134422.0	305998.0	653495.0	22149417.0
NS.1223.004.NEBNext_dual_i7_G2---NEBNext_dual_i5_G2.08_09_dHIP_R2	5728.0	5630.0	5444.0	5438.0	5480.0	5487.0	5342.0	5272.0	5319.0	5308.0	5609.0	5590.0	5824.0	5609.0	5925.0	6657.0	6533.0	6763.0	6956.0	7518.0	8312.0	9093.0	10053.0	11437.0	12922.0	14973.0	17409.0	21098.0	24535.0	28977.0	34557.0	41100.0	50456.0	60329.0	71786.0	85889.0	102378.0	133032.0	326214.0	752241.0	22026782.0
NS.1223.004.NEBNext_dual_i7_G3---NEBNext_dual_i5_G3.10_35_ACC_R1	5372.0	6142.0	6668.0	6682.0	6335.0	5807.0	5707.0	5496.0	5428.0	5831.0	6055.0	6446.0	6744.0	6621.0	6464.0	6654.0	6688.0	6898.0	7439.0	8381.0	9580.0	12407.0	16061.0	19531.0	22042.0	24261.0	24551.0	26374.0	27318.0	30915.0	35207.0	41913.0	50269.0	59460.0	71422.0	85829.0	104503.0	134122.0	327131.0	729449.0	25007246.0
NS.1223.004.NEBNext_dual_i7_G3---NEBNext_dual_i5_G3.10_35_ACC_R2	6805.0	6777.0	6627.0	6622.0	6469.0	6405.0	6513.0	6331.0	6236.0	6427.0	6370.0	6668.0	6642.0	6567.0	6925.0	7427.0	7507.0	7801.0	8048.0	8361.0	8864.0	9969.0	11013.0	12177.0	13530.0	15659.0	18067.0	21787.0	24916.0	29298.0	34924.0	42018.0	50394.0	60167.0	74119.0	88481.0	106646.0	139350.0	369093.0	873696.0	24845753.0
NS.1223.004.NEBNext_dual_i7_G4---NEBNext_dual_i5_G4.04_09_vHIP_R1	5927.0	6691.0	7275.0	7116.0	6550.0	6257.0	6063.0	5844.0	5556.0	5844.0	5677.0	5741.0	5860.0	6073.0	6091.0	6381.0	6576.0	6775.0	7204.0	7845.0	8606.0	9576.0	10798.0	12322.0	13917.0	15983.0	18442.0	21893.0	25320.0	29888.0	35381.0	43113.0	52363.0	63455.0	76061.0	93017.0	111911.0	146851.0	371294.0	851207.0	29770058.0
NS.1223.004.NEBNext_dual_i7_G4---NEBNext_dual_i5_G4.04_09_vHIP_R2	7676.0	7549.0	7170.0	7207.0	6896.0	6920.0	6901.0	6946.0	6918.0	7029.0	7003.0	7227.0	7263.0	7210.0	7422.0	8036.0	7879.0	8139.0	8451.0	8829.0	9532.0	10609.0	11031.0	12174.0	13887.0	15758.0	18241.0	21895.0	25341.0	29735.0	35436.0	42676.0	52050.0	62499.0	75853.0	92221.0	111352.0	149704.0	412920.0	1010804.0	29546413.0
NS.1223.004.NEBNext_dual_i7_G5---NEBNext_dual_i5_G5.13_09_dHIP_R1	7495.0	8285.0	9372.0	9156.0	8361.0	8067.0	7603.0	7265.0	7277.0	7415.0	7161.0	7358.0	7419.0	7632.0	7692.0	7918.0	8101.0	8625.0	9146.0	9938.0	10837.0	12059.0	13779.0	15423.0	17279.0	20320.0	23177.0	26984.0	32220.0	36809.0	43953.0	52715.0	64301.0	77081.0	93050.0	113589.0	137237.0	179197.0	449748.0	1032290.0	35863094.0
NS.1223.004.NEBNext_dual_i7_G5---NEBNext_dual_i5_G5.13_09_dHIP_R2	9407.0	9438.0	9213.0	9186.0	9193.0	8996.0	8824.0	8986.0	8834.0	8979.0	9216.0	9350.0	9626.0	9401.0	9709.0	10150.0	10472.0	10548.0	11110.0	11679.0	12526.0	13515.0	14618.0	15824.0	17549.0	20234.0	23370.0	27793.0	32316.0	37140.0	43893.0	52429.0	63893.0	76152.0	92151.0	112214.0	134239.0	180875.0	492592.0	1213421.0	35607367.0
NS.1223.004.NEBNext_dual_i7_G6---NEBNext_dual_i5_G6.01_15_ACC_R1	4493.0	4995.0	5602.0	5488.0	5092.0	4844.0	4650.0	4499.0	4347.0	4446.0	4528.0	4624.0	4646.0	4767.0	4898.0	5076.0	5197.0	5363.0	5820.0	6288.0	7047.0	8187.0	9719.0	11124.0	12363.0	14151.0	15914.0	18076.0	20407.0	24030.0	27788.0	33719.0	40396.0	48168.0	58206.0	70728.0	85620.0	110744.0	273953.0	623602.0	21606254.0
NS.1223.004.NEBNext_dual_i7_G6---NEBNext_dual_i5_G6.01_15_ACC_R2	5627.0	5665.0	5428.0	5569.0	5383.0	5410.0	5198.0	5320.0	5203.0	5321.0	5594.0	5667.0	5726.0	5614.0	5766.0	6119.0	6150.0	6374.0	6575.0	6901.0	7645.0	8280.0	9201.0	9999.0	11223.0	12887.0	14878.0	17531.0	20292.0	23977.0	28151.0	33772.0	40531.0	48123.0	58656.0	71042.0	85722.0	112449.0	302323.0	733064.0	21455503.0
NS.1223.004.NEBNext_dual_i7_G7---NEBNext_dual_i5_G7.25_31_vHIP_R1	5915.0	6792.0	7463.0	7308.0	6867.0	6407.0	6103.0	5977.0	5878.0	5860.0	6018.0	5958.0	5986.0	6265.0	6272.0	6693.0	6917.0	7134.0	7628.0	8133.0	9155.0	10399.0	11901.0	13602.0	15607.0	17810.0	20288.0	23926.0	27625.0	31867.0	37643.0	45348.0	55352.0	66134.0	79008.0	96098.0	116265.0	152029.0	372575.0	839832.0	29216903.0
NS.1223.004.NEBNext_dual_i7_G7---NEBNext_dual_i5_G7.25_31_vHIP_R2	7573.0	7498.0	7375.0	7459.0	7392.0	7142.0	7125.0	7070.0	7086.0	7226.0	7263.0	7354.0	7553.0	7648.0	7678.0	8377.0	8466.0	8725.0	9099.0	9443.0	10282.0	11206.0	12156.0	13354.0	15428.0	17062.0	19840.0	23703.0	27380.0	31841.0	37896.0	44905.0	55304.0	65598.0	78771.0	95750.0	115353.0	154337.0	409515.0	989359.0	29007349.0
NS.1223.004.NEBNext_dual_i7_G8---NEBNext_dual_i5_G8.11_09_dHIP_R1	5542.0	6216.0	6963.0	6812.0	6182.0	6140.0	5937.0	5632.0	5449.0	5593.0	5398.0	5482.0	5620.0	5642.0	5823.0	6045.0	6155.0	6413.0	6896.0	7593.0	8012.0	9045.0	10241.0	11356.0	13141.0	15128.0	17498.0	20515.0	24053.0	27537.0	33016.0	40070.0	48688.0	58173.0	69254.0	84507.0	102159.0	133241.0	333098.0	754715.0	25783570.0
NS.1223.004.NEBNext_dual_i7_G8---NEBNext_dual_i5_G8.11_09_dHIP_R2	6727.0	6629.0	6599.0	6635.0	6401.0	6269.0	6268.0	6137.0	6128.0	6185.0	6544.0	6370.0	6851.0	6398.0	6697.0	7136.0	7189.0	7474.0	7830.0	8197.0	8841.0	9733.0	10672.0	11525.0	13136.0	14871.0	17390.0	20758.0	23970.0	27431.0	32889.0	39317.0	48132.0	57490.0	68889.0	83838.0	100267.0	133296.0	360453.0	876275.0	25624713.0
NS.1223.004.NEBNext_dual_i7_G9---NEBNext_dual_i5_G9.03_32_ACC_R1	5350.0	6221.0	6731.0	6640.0	6167.0	5751.0	5540.0	5323.0	4944.0	5232.0	5346.0	5320.0	5346.0	5516.0	5596.0	5790.0	6122.0	6262.0	6883.0	7383.0	8292.0	9379.0	10876.0	13059.0	14201.0	16738.0	19213.0	21918.0	25161.0	29406.0	34377.0	41513.0	50286.0	60232.0	72514.0	87741.0	106383.0	137825.0	330665.0	740793.0	25136222.0
NS.1223.004.NEBNext_dual_i7_G9---NEBNext_dual_i5_G9.03_32_ACC_R2	6713.0	6813.0	6551.0	6535.0	6448.0	6242.0	6246.0	6121.0	6315.0	6090.0	6268.0	6335.0	6490.0	6398.0	6731.0	6994.0	7246.0	7502.0	7682.0	8106.0	8849.0	9736.0	10557.0	11815.0	13225.0	15159.0	18231.0	21125.0	24589.0	28900.0	34244.0	41557.0	49945.0	59863.0	72923.0	87757.0	106268.0	140341.0	363414.0	869644.0	24962289.0
NS.1223.004.NEBNext_dual_i7_H1---NEBNext_dual_i5_H1.17_32_ACC_R1	8845.0	10177.0	11025.0	11023.0	10228.0	9648.0	9269.0	8927.0	8856.0	9127.0	9040.0	9288.0	9370.0	9588.0	9830.0	10551.0	11086.0	11200.0	12158.0	13451.0	14649.0	16993.0	19712.0	22022.0	25135.0	28511.0	32158.0	37131.0	42329.0	48120.0	55651.0	67044.0	80298.0	96310.0	113383.0	137402.0	163597.0	215259.0	544255.0	1261785.0	43380450.0
NS.1223.004.NEBNext_dual_i7_H1---NEBNext_dual_i5_H1.17_32_ACC_R2	11154.0	11320.0	10962.0	11382.0	10634.0	10913.0	10683.0	10825.0	11046.0	10953.0	11332.0	11512.0	11753.0	11806.0	12332.0	12890.0	13473.0	13630.0	14179.0	15058.0	16248.0	17845.0	19310.0	21281.0	23933.0	26908.0	30787.0	36840.0	41974.0	48007.0	56105.0	66987.0	80103.0	96303.0	113890.0	137650.0	163237.0	218107.0	599939.0	1467798.0	43083792.0
NS.1223.004.NEBNext_dual_i7_H2---NEBNext_dual_i5_H2.08_09_vHIP_R1	7489.0	8325.0	9366.0	9138.0	8607.0	8013.0	7913.0	7448.0	7390.0	7382.0	7193.0	7354.0	7524.0	7720.0	7916.0	8364.0	8840.0	9301.0	10275.0	10739.0	11904.0	13204.0	15060.0	16670.0	18904.0	21735.0	25131.0	29814.0	34150.0	39263.0	46331.0	55225.0	66318.0	79140.0	93819.0	112765.0	135830.0	177179.0	458472.0	1057695.0	36805671.0
NS.1223.004.NEBNext_dual_i7_H2---NEBNext_dual_i5_H2.08_09_vHIP_R2	9597.0	9348.0	9300.0	9338.0	9322.0	9003.0	9029.0	8955.0	9112.0	9159.0	9507.0	9641.0	9931.0	9668.0	10132.0	10933.0	11032.0	11497.0	11790.0	12552.0	13669.0	14875.0	16155.0	17653.0	19956.0	22504.0	26324.0	30907.0	35052.0	39876.0	47301.0	55481.0	66890.0	79355.0	94569.0	114008.0	135698.0	182260.0	508632.0	1253541.0	36507025.0
NS.1223.004.NEBNext_dual_i7_H3---NEBNext_dual_i5_H3.10_35_dHIP_R1	7196.0	8195.0	9306.0	9149.0	8505.0	8026.0	7737.0	7551.0	7485.0	7499.0	7478.0	7689.0	7617.0	8130.0	8244.0	8786.0	9467.0	9926.0	10404.0	11443.0	12447.0	14334.0	16075.0	18136.0	20655.0	23504.0	27250.0	32194.0	37352.0	42925.0	50648.0	60136.0	72490.0	86554.0	102182.0	123185.0	147781.0	189986.0	467826.0	1060305.0	36875923.0
NS.1223.004.NEBNext_dual_i7_H3---NEBNext_dual_i5_H3.10_35_dHIP_R2	9539.0	9680.0	9179.0	9394.0	9107.0	9028.0	9095.0	8918.0	9138.0	9253.0	9415.0	9628.0	9818.0	9950.0	10166.0	11258.0	11424.0	11925.0	12374.0	13080.0	14277.0	15694.0	16906.0	18919.0	21448.0	24051.0	27897.0	33026.0	38094.0	43672.0	51462.0	60498.0	72462.0	86712.0	102943.0	123916.0	147623.0	196112.0	521695.0	1262385.0	36570560.0
NS.1223.004.NEBNext_dual_i7_H4---NEBNext_dual_i5_H4.08_31_ACC_R1	5532.0	6393.0	7082.0	6981.0	6443.0	6327.0	6148.0	5828.0	5753.0	5874.0	5737.0	5920.0	6023.0	6077.0	6302.0	6519.0	6939.0	7051.0	7625.0	8377.0	9292.0	10486.0	12017.0	14210.0	15709.0	17750.0	19906.0	22870.0	25896.0	29957.0	34854.0	41491.0	49796.0	59334.0	70666.0	86196.0	104703.0	136040.0	354987.0	832555.0	29105859.0
NS.1223.004.NEBNext_dual_i7_H4---NEBNext_dual_i5_H4.08_31_ACC_R2	7324.0	7611.0	7375.0	7322.0	7031.0	7202.0	6924.0	7028.0	7318.0	7215.0	7261.0	7421.0	7578.0	7406.0	7884.0	8123.0	8525.0	8539.0	9024.0	9359.0	10356.0	11064.0	11866.0	13247.0	14825.0	16485.0	18974.0	22522.0	25848.0	29767.0	35210.0	41810.0	50168.0	59683.0	71881.0	87408.0	105444.0	141231.0	397913.0	985520.0	28878813.0
NS.1223.004.NEBNext_dual_i7_H5---NEBNext_dual_i5_H5.13_09_vHIP_R1	5661.0	6621.0	7310.0	7310.0	6788.0	6639.0	6391.0	6122.0	6062.0	6297.0	6296.0	6655.0	6692.0	6998.0	7227.0	7737.0	8147.0	8628.0	9318.0	10337.0	11573.0	13404.0	15541.0	17551.0	19885.0	23117.0	26677.0	31356.0	36135.0	41377.0	49171.0	58796.0	70671.0	83848.0	98277.0	117005.0	139778.0	176916.0	406603.0	877355.0	29584822.0
NS.1223.004.NEBNext_dual_i7_H5---NEBNext_dual_i5_H5.13_09_vHIP_R2	7327.0	7504.0	7243.0	7271.0	7217.0	7077.0	7402.0	7144.0	7226.0	7555.0	7720.0	8008.0	8117.0	8198.0	8522.0	9267.0	9782.0	10005.0	10626.0	11404.0	12604.0	14118.0	15695.0	17215.0	19638.0	22721.0	26124.0	31300.0	36031.0	41303.0	49155.0	58250.0	70063.0	82773.0	97701.0	115946.0	136699.0	176525.0	436553.0	1005945.0	29412120.0
NS.1223.004.NEBNext_dual_i7_H6---NEBNext_dual_i5_H6.01_15_dHIP_R1	5526.0	6097.0	6853.0	6792.0	6285.0	6107.0	5768.0	5401.0	5326.0	5409.0	5464.0	5415.0	5578.0	5738.0	5921.0	6087.0	6432.0	6734.0	7126.0	7979.0	8578.0	9697.0	11383.0	13108.0	14413.0	16445.0	18770.0	21690.0	24866.0	28226.0	33147.0	39713.0	47645.0	56839.0	67706.0	81702.0	98966.0	128448.0	325281.0	749252.0	26055498.0
NS.1223.004.NEBNext_dual_i7_H6---NEBNext_dual_i5_H6.01_15_dHIP_R2	6790.0	6764.0	6472.0	6415.0	6199.0	6195.0	6262.0	6036.0	6079.0	6171.0	6316.0	6386.0	6583.0	6672.0	6878.0	7398.0	7564.0	7818.0	8229.0	8573.0	9029.0	10291.0	11291.0	12336.0	13900.0	15639.0	18396.0	21616.0	24962.0	28302.0	33515.0	39902.0	48037.0	57365.0	69214.0	83339.0	100952.0	136346.0	374038.0	913741.0	25815400.0
NS.1223.004.NEBNext_dual_i7_H7---NEBNext_dual_i5_H7.05_13_ACC_R1	6056.0	6827.0	7636.0	7529.0	7009.0	6592.0	6639.0	6382.0	6162.0	6365.0	6495.0	6586.0	6623.0	6873.0	6983.0	7497.0	7761.0	8175.0	8683.0	9644.0	10729.0	12215.0	14278.0	16363.0	18589.0	21386.0	24264.0	28267.0	32297.0	37416.0	43620.0	52704.0	63089.0	75480.0	90199.0	108492.0	130402.0	168155.0	405797.0	910808.0	31875465.0
NS.1223.004.NEBNext_dual_i7_H7---NEBNext_dual_i5_H7.05_13_ACC_R2	8731.0	8706.0	8299.0	8381.0	8137.0	7991.0	8043.0	7943.0	8097.0	8214.0	8193.0	8330.0	8568.0	8369.0	8806.0	9689.0	9842.0	10153.0	10380.0	11213.0	12024.0	13214.0	14501.0	16135.0	17978.0	20757.0	23574.0	28451.0	32824.0	37839.0	44538.0	53305.0	64262.0	76719.0	92540.0	111279.0	134202.0	178757.0	466263.0	1111767.0	31555518.0
NS.1223.004.NEBNext_dual_i7_H8---NEBNext_dual_i5_H8.11_09_vHIP_R1	8320.0	9665.0	10892.0	10312.0	9682.0	9309.0	9209.0	8638.0	8490.0	8717.0	8647.0	8784.0	8791.0	9247.0	9415.0	9914.0	10577.0	10824.0	11543.0	12779.0	14078.0	15661.0	18006.0	19957.0	22718.0	25550.0	29804.0	34726.0	39890.0	46255.0	54103.0	64382.0	77454.0	92495.0	109929.0	133774.0	160632.0	209521.0	545498.0	1278584.0	44459538.0
NS.1223.004.NEBNext_dual_i7_H8---NEBNext_dual_i5_H8.11_09_vHIP_R2	12375.0	12070.0	11527.0	12004.0	11393.0	11488.0	11453.0	11203.0	11570.0	11309.0	11886.0	11974.0	12002.0	12261.0	12562.0	13456.0	13770.0	14006.0	14688.0	15304.0	16729.0	18149.0	19635.0	21285.0	23830.0	26595.0	31225.0	36346.0	41914.0	48351.0	56656.0	66868.0	80225.0	95511.0	115015.0	140750.0	169369.0	232970.0	653245.0	1589218.0	43914123.0
NS.1223.004.NEBNext_dual_i7_H9---NEBNext_dual_i5_H9.03_32_dHIP_R1	6349.0	7317.0	8244.0	7969.0	7667.0	7098.0	6888.0	6648.0	6529.0	6625.0	6367.0	6547.0	6684.0	6831.0	6882.0	7323.0	7523.0	7671.0	8294.0	9099.0	9727.0	10784.0	12328.0	13929.0	14957.0	17137.0	20038.0	23376.0	26618.0	30391.0	35710.0	43003.0	51461.0	61544.0	73726.0	89804.0	108245.0	141214.0	391629.0	944750.0	33345714.0
NS.1223.004.NEBNext_dual_i7_H9---NEBNext_dual_i5_H9.03_32_dHIP_R2	10120.0	9984.0	9576.0	9586.0	9273.0	9128.0	9031.0	8907.0	8981.0	9060.0	9117.0	9194.0	9453.0	9415.0	9637.0	10372.0	10177.0	10319.0	10920.0	11370.0	11885.0	13006.0	13926.0	15309.0	16671.0	18549.0	21519.0	25352.0	28707.0	32204.0	37777.0	45097.0	53798.0	64262.0	77655.0	94500.0	115100.0	159502.0	467096.0	1173670.0	32931435.0
