Sample	3	4	5	6	7	8	9	10	11	12	13	14	15	16	17	18	19	20	21	22	23	24	25	26	27	28	29	30	31	32	33	34	35	36	37	38	39	40	41	42	43	44	45	46	47	48	49	50	51	52	53	54	55	56	57	58	59	60	61	62	63	64	65	66	67	68	69	70	71	72	73	74	75	76	77	78	79	80	81	82	83	84	85	86	87	88	89	90	91	92	93	94	95	96	97	98	99	100	101
NS.1223.004.NEBNext_dual_i7_A1---NEBNext_dual_i5_A1.03_32_vHIP_R2 - First read: Adapter 1	1002209	272611	135966	93722	80899	77538	71992	64606	60777	55939	50414	48331	42852	40393	37294	33963	27786	26635	24448	21256	20186	18630	16674	14648	13924	12254	11228	10142	8115	8005	7076	6516	5922	5009	5074	4585	4121	3572	3308	2920	2898	2041	3802	454	1304	1760	1448	1290	1220	1060	915	858	884	603	592	614	715	386	278	504	283	282	244	390	257	434	176	99	61	98	113	94	75	83	74	66	97	89	101	81	106	129	113	145	156	171	182	139	211	328	173	259	271	312	399	490	190	379	12515
NS.1223.004.NEBNext_dual_i7_A1---NEBNext_dual_i5_A1.03_32_vHIP_R2 - Second read: Adapter 2	1232991	298540	146543	97801	83095	83353	64982	67864	58696	56201	52020	50255	40725	39686	42695	25997	33982	24501	21805	21701	19953	18953	17351	14614	13146	13191	10027	11163	7174	8435	6647	6483	13247	6320	2229	2630	4626	680	2669	4927	1548	5224	2196	1177	1178	590	1785	273	509	218	723	1095	433	601	904	442	393	791	400	214	673	631	312	283	266	126	117	122	68	42	71	60	67	64	31	37	51	61	89	83	98	115	119	121	150	158	180	141	207	329	183	244	263	328	386	492	182	117	4162
NS.1223.004.NEBNext_dual_i7_A2---NEBNext_dual_i5_A2.17_32_dHIP_R2 - First read: Adapter 1	1110461	311974	161374	113503	98454	96673	88650	79441	75696	69034	61937	60058	53747	50325	47488	42448	35635	33716	30931	27243	26747	23878	21989	19172	18488	17256	13752	13350	11147	10648	9576	8577	8286	7220	7018	6034	5629	5269	4426	4034	4030	3354	5386	613	2255	3076	2475	1367	2147	1617	1191	1366	1751	1063	861	773	1395	341	296	1094	367	284	340	742	210	560	267	171	35	121	128	130	96	83	72	66	76	77	74	81	77	89	101	98	127	118	128	145	189	235	133	153	234	239	332	399	198	689	22186
NS.1223.004.NEBNext_dual_i7_A2---NEBNext_dual_i5_A2.17_32_dHIP_R2 - Second read: Adapter 2	1369890	338176	172425	118018	100255	100706	83364	82868	73510	69471	63795	62063	50488	50272	49191	37726	37682	35608	29032	27738	26029	23761	22593	19280	18914	16306	14083	13021	11889	10183	10775	8206	7654	7303	8735	5093	5506	5694	3376	4554	3236	3778	3711	2976	4072	1129	3681	668	1183	655	1446	2003	442	1114	1979	529	338	1658	324	244	1569	589	168	360	179	196	251	301	107	146	165	81	80	45	57	50	74	69	65	78	73	88	98	92	122	121	128	147	195	231	133	158	241	237	328	410	200	149	6872
NS.1223.004.NEBNext_dual_i7_A3---NEBNext_dual_i5_A3.07_26_ACC_R2 - First read: Adapter 1	1025533	284735	146202	102914	87791	85767	78882	71962	67353	61125	55389	53142	47956	44212	41492	37241	31485	29392	27121	23651	22272	20872	18598	16057	15511	13562	12470	10977	9351	8798	7852	7438	6035	5889	5401	4889	4294	3906	3417	3034	3074	2395	3663	555	1700	1764	1567	1410	1197	1088	977	891	973	657	654	696	739	361	349	606	296	244	225	390	240	418	207	129	48	100	118	112	108	112	118	103	118	115	131	140	163	178	206	227	212	255	253	282	303	485	244	333	380	406	546	681	219	427	15705
NS.1223.004.NEBNext_dual_i7_A3---NEBNext_dual_i5_A3.07_26_ACC_R2 - Second read: Adapter 2	1256765	310721	156297	106095	90395	93736	69415	74944	65739	61899	56684	55914	44903	44342	47115	29359	38911	26433	23525	24274	22004	21257	19312	16086	14548	14381	11246	12052	8331	8776	7723	8017	5915	5669	5302	5333	4811	2595	3527	4129	1868	2832	2769	2034	2961	813	2334	464	710	456	1007	1328	328	755	1300	345	278	1047	214	218	1000	410	126	221	111	133	166	239	90	125	138	113	110	79	78	74	105	111	115	132	161	165	195	221	213	233	251	287	301	478	256	329	374	407	544	677	224	94	2517
NS.1223.004.NEBNext_dual_i7_A4---NEBNext_dual_i5_A4.10_35_vHIP_R2 - First read: Adapter 1	998794	274393	137510	95007	81528	78546	73300	66036	62918	58006	51023	49518	44405	41016	38184	34517	29264	27151	25420	22095	20818	19649	17465	15204	14805	12543	11866	10386	8785	7891	7497	6895	5998	5541	5158	4689	4046	3901	2917	3164	2977	2412	3553	549	1566	1774	1534	1367	1280	1068	951	916	925	681	636	715	712	368	307	547	344	267	241	352	278	411	167	111	59	88	97	119	85	74	77	63	93	99	104	85	94	122	137	174	130	182	183	155	233	314	168	216	217	253	373	434	189	521	17115
NS.1223.004.NEBNext_dual_i7_A4---NEBNext_dual_i5_A4.10_35_vHIP_R2 - Second read: Adapter 2	1228125	298959	147208	98426	83318	85514	64492	69133	60674	58808	52360	51623	41832	40617	43000	27183	35822	24638	22225	22632	20565	19989	18159	15247	13728	13093	10811	10690	8747	7664	7694	6527	6407	5440	4939	4787	4132	3326	3225	3519	2378	2916	2757	2131	2566	893	2333	474	732	472	1006	1300	396	713	1218	377	287	994	205	238	986	362	120	219	95	167	145	231	93	95	134	100	75	49	48	58	78	95	97	87	81	118	126	165	118	179	184	163	224	311	169	208	210	267	358	425	188	103	2907
NS.1223.004.NEBNext_dual_i7_A5---NEBNext_dual_i5_A5.08_31_dHIP_R2 - First read: Adapter 1	931278	243929	112240	72281	61681	59345	55666	50382	47018	43037	38978	37052	33223	31054	28971	26095	22239	20526	19096	16924	17028	13843	13223	11695	11725	11762	6665	8041	6932	8675	3973	5171	4032	4463	4159	3488	3363	3027	2629	2439	2417	2051	3122	510	1144	2067	1244	704	1302	929	648	888	1195	558	402	468	794	134	216	687	198	143	256	415	116	308	172	97	24	64	88	66	84	54	77	56	66	65	65	75	84	63	85	106	119	153	145	145	163	263	139	170	237	215	310	360	163	587	20104
NS.1223.004.NEBNext_dual_i7_A5---NEBNext_dual_i5_A5.08_31_dHIP_R2 - Second read: Adapter 2	1144185	267629	121145	75901	63185	64280	50011	53030	45155	43584	39973	38796	31334	30659	32485	20831	27772	18350	16150	17023	15778	15344	13858	11516	10527	10254	8292	7634	7174	6142	6207	5041	4666	4603	4038	4233	3882	2255	2177	3163	1671	3598	1903	1388	2092	626	1972	265	497	346	860	1131	320	671	996	337	283	944	251	221	853	519	133	190	109	114	93	186	79	85	94	56	74	36	48	48	57	65	61	78	74	61	73	101	116	151	141	149	160	260	146	160	225	211	302	365	145	108	2917
NS.1223.004.NEBNext_dual_i7_A6---NEBNext_dual_i5_A6.24_32_ACC_R2 - First read: Adapter 1	1349858	334806	142361	86929	73300	72121	65715	59713	56133	51005	46098	43474	39442	36781	34134	30815	26131	24341	22576	19780	18697	17690	15644	13838	13303	11919	10573	9334	8028	7562	6794	6555	6016	4979	4814	4482	4076	3586	3269	3075	3015	2073	2696	1242	1868	2209	1515	1136	1798	878	668	1171	1594	652	455	458	913	140	206	842	170	145	299	513	131	361	226	146	20	76	98	116	77	96	71	80	66	73	68	88	93	91	117	142	138	177	192	164	210	307	192	246	290	273	413	545	356	1314	58859
NS.1223.004.NEBNext_dual_i7_A6---NEBNext_dual_i5_A6.24_32_ACC_R2 - Second read: Adapter 2	1622883	366976	155782	91730	76902	81098	57012	63459	54033	51855	47011	46505	37079	36439	39596	23578	32799	21747	19446	20259	18534	17969	16090	13797	12721	12073	10078	9301	8261	7185	6812	6405	6085	5350	4883	4391	3773	3610	3272	3583	2209	2846	2361	1981	2972	806	2367	544	815	498	1018	1380	382	807	1422	381	256	1097	228	242	1081	377	136	239	134	177	176	261	119	129	119	97	78	60	59	65	60	73	67	83	84	81	110	137	144	171	194	166	203	314	202	251	281	276	422	570	327	290	11167
NS.1223.004.NEBNext_dual_i7_A7---NEBNext_dual_i5_A7.01_15_vHIP_R2 - First read: Adapter 1	1188906	302596	136257	86814	74141	71773	64762	59289	55637	50396	45732	42763	39482	35919	33779	30866	25272	23950	22218	19075	18526	17127	15331	13401	12854	11331	10236	8948	7808	7198	6488	6285	5602	4863	4736	4486	3699	3213	3148	2693	2890	2138	3650	430	1385	3714	861	383	2173	840	337	1369	1891	438	273	239	873	77	95	914	111	81	229	588	58	196	166	121	23	49	106	86	70	75	68	84	79	72	83	76	90	64	97	142	124	155	146	143	199	316	150	197	263	242	352	440	171	613	20009
NS.1223.004.NEBNext_dual_i7_A7---NEBNext_dual_i5_A7.01_15_vHIP_R2 - Second read: Adapter 2	1450542	333248	147802	91173	76225	77742	56954	62560	53700	51087	45695	46058	36426	35504	38926	23164	31736	21538	19305	19474	18323	16935	16119	13485	12243	12275	8946	10363	6508	8066	5660	6640	4979	4866	4699	6529	3189	2402	2981	3001	2238	4377	2257	1432	2114	625	2091	283	517	316	934	1302	364	709	1314	441	368	1020	275	176	838	643	169	251	144	112	98	195	58	65	103	66	57	39	40	74	71	67	75	78	78	64	99	127	117	157	141	148	202	314	146	197	261	248	337	441	164	124	4270
NS.1223.004.NEBNext_dual_i7_A8---NEBNext_dual_i5_A8.05_13_dHIP_R2 - First read: Adapter 1	1387357	351226	154576	96124	80919	77350	72993	65269	61250	55462	49793	47205	42372	39756	36578	32770	27865	25831	24016	20551	19349	18095	16338	14145	13646	11986	10555	9606	8197	7696	6761	6342	5621	6355	5969	1093	3737	3398	2804	2705	2677	2211	3528	575	915	1669	1387	1034	1112	923	883	829	881	580	611	563	642	263	237	584	293	235	256	461	234	445	186	107	62	99	138	149	123	145	129	168	154	175	195	185	230	262	330	323	331	406	407	386	473	725	397	502	638	605	950	1096	338	501	17081
NS.1223.004.NEBNext_dual_i7_A8---NEBNext_dual_i5_A8.05_13_dHIP_R2 - Second read: Adapter 2	1697560	386090	168425	101233	82899	81553	67872	67814	59644	56076	50853	49264	39883	39400	41055	25874	33580	23758	21031	21001	19132	17771	16413	14495	13691	11622	10610	9177	8762	7171	7065	6095	5534	5560	4679	3969	3962	4681	1472	3992	1668	3489	2441	1425	1541	713	1842	264	475	277	867	1156	368	630	1024	346	313	863	272	233	836	679	211	244	164	143	114	230	97	112	129	138	154	102	81	120	134	150	167	174	208	255	310	299	309	394	412	385	467	726	400	489	640	592	947	1088	361	123	3305
NS.1223.004.NEBNext_dual_i7_A9---NEBNext_dual_i5_A9.01_09_ACC_R2 - First read: Adapter 1	1187441	326727	165898	116949	100046	96898	90698	81097	76732	70079	64188	59505	55428	50969	47238	43072	35451	33741	30879	27480	25931	24292	21445	19029	18242	15881	14394	12741	10859	10145	9387	8574	7993	6851	6375	6445	4795	4801	4260	3682	3674	3128	4246	729	2216	3175	1807	966	2064	1219	823	1293	1783	749	560	576	1091	173	204	1001	195	156	318	604	124	367	234	126	39	113	144	141	113	103	137	131	136	143	133	154	189	199	217	226	247	284	289	288	315	538	280	345	419	415	619	707	298	736	24159
NS.1223.004.NEBNext_dual_i7_A9---NEBNext_dual_i5_A9.01_09_ACC_R2 - Second read: Adapter 2	1453445	357167	180066	121132	101705	101151	85446	84339	75002	70587	65036	63429	51362	51203	52555	34193	42529	31622	27766	28026	25726	24263	22377	18754	17705	16523	13253	12696	11058	9742	9824	8337	7837	7250	6259	5607	5325	5700	3416	4195	2841	3047	2948	2648	3573	1209	2614	920	1194	789	1269	1558	451	946	1510	460	326	1253	265	290	1156	298	180	273	184	208	254	286	150	196	181	131	111	73	93	108	115	129	125	148	182	191	206	217	237	280	279	293	319	529	297	333	402	423	619	695	291	146	4517
NS.1223.004.NEBNext_dual_i7_B1---NEBNext_dual_i5_B1.16_38_ACC_R2 - First read: Adapter 1	768155	218287	114975	82648	71735	69168	63862	57594	55091	49748	45233	43274	39378	36449	33742	30216	25596	23811	22446	19052	18486	17142	15424	13587	12932	11378	10419	9223	7862	6984	6709	6137	5177	5159	4535	3831	3622	3403	2815	2667	2476	2108	3261	453	1451	3825	759	292	2267	601	197	1022	1454	251	131	157	623	52	84	708	80	71	182	387	46	148	152	106	18	25	58	58	71	67	53	67	77	69	64	76	94	85	99	118	136	166	178	155	181	233	144	195	212	258	347	345	171	415	12070
NS.1223.004.NEBNext_dual_i7_B1---NEBNext_dual_i5_B1.16_38_ACC_R2 - Second read: Adapter 2	933385	235221	122687	85365	73893	72538	59960	60170	53398	49888	46636	45206	37571	35823	38339	23724	31315	21835	19639	19569	18232	17461	15835	13643	12339	11806	9587	8819	8429	6818	6592	6334	5061	5326	4279	3899	4723	2503	2660	3238	1679	2941	1717	1185	2804	1115	1197	1017	754	660	843	939	489	577	803	397	346	643	305	238	676	316	214	206	235	149	180	190	102	84	65	41	28	39	37	48	52	46	63	71	73	80	87	107	129	152	163	173	180	213	170	189	211	257	338	359	180	151	2633
NS.1223.004.NEBNext_dual_i7_B2---NEBNext_dual_i5_B2.17_32_vHIP_R2 - First read: Adapter 1	1138218	325681	170160	121861	104615	101655	93328	84743	80652	72817	66396	62910	57186	53292	49330	43721	37169	35158	31913	28186	26758	24839	22241	19652	18597	16046	14666	13183	11212	10448	9398	8344	7959	6696	6508	5832	5232	4606	4030	3711	3491	2962	4375	724	2022	3520	1647	825	2211	1108	698	1352	1780	611	452	463	1043	114	208	952	165	116	309	623	116	341	236	171	28	72	103	100	109	95	85	88	135	107	124	113	162	126	180	185	199	244	211	212	266	376	226	287	309	355	508	536	251	637	18174
NS.1223.004.NEBNext_dual_i7_B2---NEBNext_dual_i5_B2.17_32_vHIP_R2 - Second read: Adapter 2	1401516	354320	181499	125996	106883	104508	89435	86478	80523	73578	68228	66039	54209	52767	54343	35738	46096	31699	27973	28794	26499	24867	22777	19646	18231	16709	13566	13222	11452	10232	9619	7880	7815	6958	6868	5410	5278	4750	3936	3928	2939	3255	3014	2764	3501	1192	2740	574	987	570	1237	1499	433	902	1216	600	342	1171	237	305	1123	321	173	312	146	159	209	289	142	161	136	103	104	55	60	88	111	101	111	107	155	120	185	184	183	231	210	206	255	378	237	287	308	365	503	529	242	111	2751
NS.1223.004.NEBNext_dual_i7_B3---NEBNext_dual_i5_B3.07_26_dHIP_R2 - First read: Adapter 1	1138609	313482	155619	106815	90048	86403	83537	73482	69415	62905	56957	54485	48805	46126	42053	38016	32291	30111	27701	24192	22886	21327	18975	16787	15751	13848	12539	11146	9529	8948	7796	7554	6628	5888	5593	4887	4396	4172	3592	3321	3129	2663	3717	715	2017	4099	969	544	2168	801	666	1898	1423	390	274	267	902	94	211	874	99	96	267	560	78	255	197	141	22	69	77	116	98	90	102	116	91	106	101	137	125	148	153	181	150	223	198	237	276	373	228	283	319	325	491	563	207	575	17095
NS.1223.004.NEBNext_dual_i7_B3---NEBNext_dual_i5_B3.07_26_dHIP_R2 - Second read: Adapter 2	1412476	341705	167223	111201	92418	94310	73662	77230	67203	63587	58447	57414	45835	45446	47822	29712	39544	27432	23972	24703	22659	21244	19462	17252	14998	14816	11134	12298	8344	9165	8177	7316	8329	9791	2679	2259	5722	2315	3564	4738	2343	6382	2329	1184	2005	811	1732	431	567	384	895	1214	491	750	1062	519	452	928	452	273	689	708	344	301	281	154	124	144	81	89	80	99	100	65	44	62	60	91	92	130	123	131	140	175	149	209	192	236	268	368	231	284	318	319	481	558	212	110	2780
NS.1223.004.NEBNext_dual_i7_B4---NEBNext_dual_i5_B4.23_38_ACC_R2 - First read: Adapter 1	833906	224562	109170	73558	62540	63783	52372	50690	48266	43281	38816	37506	33574	31167	29333	25760	22132	20368	19094	16537	15701	14711	13195	11518	10937	9402	8822	7721	6599	6260	5618	5177	4594	3864	3808	3587	2997	2833	2387	2261	2127	1982	2904	480	853	1723	1087	729	1125	791	559	759	985	526	406	396	667	148	186	576	153	155	180	343	109	297	162	94	32	72	82	82	80	82	66	69	71	85	67	98	74	119	111	113	125	163	163	155	236	284	191	205	252	250	383	456	158	375	11307
NS.1223.004.NEBNext_dual_i7_B4---NEBNext_dual_i5_B4.23_38_ACC_R2 - Second read: Adapter 2	1019142	243852	117251	76444	63291	63307	52885	52593	47298	43375	40142	38319	32628	31196	33033	20179	27209	18554	16621	16876	15602	14884	13450	11484	10581	9437	8514	7698	6857	5838	5836	5183	4410	3987	3858	3762	3280	2477	2534	2326	1906	3150	1939	1277	1608	639	1687	216	435	291	734	966	314	558	902	285	276	759	199	155	691	502	127	181	85	99	87	181	53	66	90	71	72	40	52	49	63	65	65	89	70	107	108	115	118	158	165	156	242	286	195	204	241	243	385	456	164	56	2056
NS.1223.004.NEBNext_dual_i7_B5---NEBNext_dual_i5_B5.08_31_vHIP_R2 - First read: Adapter 1	748928	205816	102539	70057	60685	58960	53553	48250	46221	41460	38006	35495	32759	30107	28012	24970	21150	19685	18184	15825	14959	13852	12388	10880	10366	8866	8352	7142	6194	5690	5136	4662	4288	3973	3468	3247	2869	2591	2279	2131	2017	1611	2707	300	1073	2483	839	269	1490	644	252	786	1225	307	202	197	614	46	92	651	77	55	155	423	42	201	151	120	17	50	74	77	64	78	86	109	94	89	110	110	114	150	153	136	159	213	199	202	262	369	185	272	293	366	469	567	208	323	9496
NS.1223.004.NEBNext_dual_i7_B5---NEBNext_dual_i5_B5.08_31_vHIP_R2 - Second read: Adapter 2	931531	226120	111495	73102	61929	61801	49699	50622	44835	41874	38654	37957	30063	29826	31113	20280	23792	19761	16241	16219	14767	13427	12919	11032	10229	8957	8051	7029	6500	5342	5163	4942	4458	3908	3825	2922	2525	2552	2308	2689	1375	2170	1744	1275	2091	512	1716	307	508	312	727	852	228	513	891	249	186	794	144	134	758	319	86	198	73	112	127	178	57	95	100	69	71	48	58	91	86	92	100	117	108	135	140	136	160	204	199	204	259	359	196	274	287	360	465	560	201	57	1876
NS.1223.004.NEBNext_dual_i7_B6---NEBNext_dual_i5_B6.24_32_dHIP_R2 - First read: Adapter 1	893876	241662	117624	80104	68779	65962	61693	55800	52684	47427	43126	41153	37315	34587	32325	28644	24513	22412	21031	18385	17616	16285	14730	12744	12040	10529	9563	8423	7370	7223	5832	5676	5133	4656	4260	3740	3600	3038	2949	2521	2398	2037	3049	415	1330	1492	1271	1121	1089	855	842	729	784	546	533	539	564	323	278	431	253	226	196	316	210	373	110	65	28	70	80	71	58	70	60	64	63	87	84	93	91	110	139	166	166	178	185	185	234	329	206	256	289	351	432	539	248	506	19137
NS.1223.004.NEBNext_dual_i7_B6---NEBNext_dual_i5_B6.24_32_dHIP_R2 - Second read: Adapter 2	1090242	263014	125744	83396	71288	72231	55228	58065	51355	48080	44115	43661	34930	34091	37133	21948	30535	20339	18075	18733	17410	16614	15260	12931	11089	11219	8473	9536	6356	7061	6134	5762	4898	5008	5068	2481	4879	1681	2805	3546	1626	5175	1896	767	1885	483	1446	298	433	210	777	1029	351	560	868	357	301	712	344	136	548	514	227	235	187	90	82	92	51	43	55	70	68	62	26	46	47	68	62	82	88	111	128	151	162	171	169	189	233	326	213	254	291	331	430	551	246	108	4546
NS.1223.004.NEBNext_dual_i7_B7---NEBNext_dual_i5_B7.07_09_ACC_R2 - First read: Adapter 1	970529	264281	132700	92472	78679	75311	70777	63540	60278	54794	49495	47848	42612	39962	36954	33097	27920	26338	23799	20817	20013	18790	16714	14430	14024	12085	11190	9769	8116	7475	7089	6393	5873	4941	4879	4134	3926	3461	3154	2726	2499	2369	3167	517	1703	3981	817	383	2501	648	238	979	1379	288	122	127	554	77	126	711	84	105	182	482	53	150	137	139	16	48	114	105	113	109	133	137	135	167	163	185	204	240	250	267	284	338	360	315	437	623	339	405	517	598	864	1016	385	493	16005
NS.1223.004.NEBNext_dual_i7_B7---NEBNext_dual_i5_B7.07_09_ACC_R2 - Second read: Adapter 2	1185218	288713	142936	96072	80981	79095	66560	66525	58530	54649	51469	48880	41177	39721	40279	27429	33594	24408	21130	21306	19834	18878	17214	14498	13560	12628	10218	9747	8303	7177	7162	6580	5415	5463	4842	3968	3960	3942	2799	3321	2084	5386	1769	1038	2102	655	1694	298	465	260	819	1029	329	602	917	349	386	806	325	190	691	635	258	270	205	115	103	198	73	70	130	132	116	78	71	102	114	154	141	160	196	231	239	255	272	324	340	322	438	621	335	402	517	614	826	1013	375	113	3649
NS.1223.004.NEBNext_dual_i7_B8---NEBNext_dual_i5_B8.05_13_vHIP_R2 - First read: Adapter 1	1261891	347053	174547	121734	103683	99580	92488	83466	79574	71857	64262	61875	55322	52254	48049	43055	36009	33902	31035	27395	26165	23823	21574	18363	17861	15520	14077	12220	10334	9925	8786	8111	7220	6583	6016	5422	4754	4664	3784	3516	3410	2679	3897	686	1822	1966	1819	1335	1397	1195	1071	1013	1024	725	691	742	858	379	337	592	326	311	286	493	288	538	227	150	71	132	185	175	195	169	223	210	208	250	258	299	315	353	395	405	452	574	556	567	656	990	501	661	790	852	1194	1390	468	622	19530
NS.1223.004.NEBNext_dual_i7_B8---NEBNext_dual_i5_B8.05_13_vHIP_R2 - Second read: Adapter 2	1560700	381769	187703	126470	107485	108979	83481	87238	77350	73111	66026	65655	51851	51446	55868	32042	46022	29809	26842	27967	25889	24419	22251	18426	16667	15934	13044	12634	10237	9326	9379	8072	6973	7222	5295	5272	6128	4406	2802	4370	2532	6544	2147	1349	2523	737	2103	348	598	301	1005	1346	475	782	1199	509	390	1055	337	205	844	868	292	306	245	152	132	237	100	128	188	177	227	173	119	142	170	219	242	283	288	333	352	405	426	542	537	565	645	978	525	650	782	831	1195	1355	446	106	2242
NS.1223.004.NEBNext_dual_i7_B9---NEBNext_dual_i5_B9.01_09_dHIP_R2 - First read: Adapter 1	1115095	306318	152394	105268	89768	87761	80574	73309	69341	62626	56564	53782	49163	45083	42093	37660	31969	29636	27419	23924	23128	21298	19418	16548	15790	13964	13038	11159	9473	8940	7896	7486	6683	6086	5471	5276	4406	4230	3756	3238	3060	2698	3883	538	1691	1965	1718	1358	1471	1236	1069	1000	1075	759	748	732	866	350	310	672	322	275	252	490	266	446	177	116	62	84	115	93	68	70	89	92	108	125	99	109	139	139	183	174	178	228	212	224	264	423	242	297	304	369	571	669	284	529	17024
NS.1223.004.NEBNext_dual_i7_B9---NEBNext_dual_i5_B9.01_09_dHIP_R2 - Second read: Adapter 2	1378668	336046	164398	109557	93223	94681	73868	76948	67209	63370	57951	56308	46612	44588	47753	29550	40379	26534	23539	24360	22699	21891	20095	16620	14840	14690	11752	11566	9309	8563	8005	7641	6635	5952	6315	4852	4639	3460	3641	3981	2283	3459	2712	1895	3480	675	2641	460	814	412	1116	1505	321	819	1491	395	264	1217	211	156	1129	532	129	260	127	124	171	267	90	107	108	71	86	50	61	67	99	113	100	103	131	137	165	157	171	217	209	228	274	413	254	267	297	369	575	665	289	136	4376
NS.1223.004.NEBNext_dual_i7_C1---NEBNext_dual_i5_C1.16_38_dHIP_R2 - First read: Adapter 1	735493	194590	91891	60462	52452	50152	46281	40709	38806	34897	31216	30473	26993	25376	23544	20645	17830	16254	15139	13030	12451	11423	10078	8611	8347	7149	6527	5882	4841	4636	4321	3708	3475	3088	2889	2500	2230	2101	1807	1597	1431	1338	2057	272	794	1025	881	580	709	595	468	461	526	333	367	373	413	173	147	331	157	127	92	267	124	259	100	76	25	63	73	66	60	71	74	77	89	84	78	83	102	96	124	148	147	183	183	159	195	300	161	202	287	260	385	432	160	299	8074
NS.1223.004.NEBNext_dual_i7_C1---NEBNext_dual_i5_C1.16_38_dHIP_R2 - Second read: Adapter 2	901213	212352	99383	63279	53387	53991	41198	42904	37281	35308	32028	31892	25246	24832	26994	15721	22116	14655	12891	13404	12246	11198	10099	8882	8317	6892	6592	5718	5176	4422	4192	3793	3538	3203	3042	2529	2619	1353	1752	1996	1176	2805	1237	536	1580	449	737	343	333	223	464	580	239	378	560	264	221	493	193	145	419	305	145	195	201	71	83	115	43	47	61	52	58	57	38	39	52	65	63	69	84	90	113	141	134	181	173	166	198	290	167	196	289	269	373	433	163	72	1745
NS.1223.004.NEBNext_dual_i7_C2---NEBNext_dual_i5_C2.03_13_ACC_R2 - First read: Adapter 1	641715	177183	88903	62617	54401	52010	48626	43483	41347	37647	33927	31922	28719	26761	25133	22390	19005	17659	16204	14123	13605	12635	11209	9540	9229	8101	7394	6647	5620	7049	2907	4411	3614	3484	3272	2916	2692	2263	2182	1939	1849	1394	2275	241	928	1256	990	642	892	639	513	604	707	388	408	337	521	124	118	420	141	114	139	305	93	255	112	54	14	58	75	56	51	51	59	46	55	69	70	69	74	76	105	126	105	131	138	128	178	226	138	163	218	221	291	371	157	300	10168
NS.1223.004.NEBNext_dual_i7_C2---NEBNext_dual_i5_C2.03_13_ACC_R2 - Second read: Adapter 2	783607	192794	95104	64742	55429	54203	46201	45160	40249	37786	34890	33411	26918	26568	27087	18787	22053	17140	14436	14519	13307	12559	11416	9629	9328	8216	7052	6544	5689	5065	5002	4194	3874	3398	3144	3042	2769	2180	2124	2295	1366	2773	1308	848	1803	416	1337	212	392	180	619	821	200	475	762	215	191	595	156	114	588	324	96	157	86	74	88	116	34	54	66	47	47	39	32	37	40	64	65	66	72	76	98	119	112	121	135	135	173	220	136	151	213	223	293	370	154	73	2428
NS.1223.004.NEBNext_dual_i7_C3---NEBNext_dual_i5_C3.07_26_vHIP_R2 - First read: Adapter 1	1002822	282348	144269	101752	86850	84341	77990	70470	66683	60669	55163	50941	47222	43894	40354	35766	30413	28201	26342	22358	21853	20206	17804	15160	14985	13042	11994	10250	8800	8173	7287	6696	5899	5667	4847	4493	4140	3617	3108	2925	2703	2251	3294	501	1516	1692	1458	1167	1178	1001	870	823	846	602	559	628	614	365	281	487	277	260	227	347	224	412	183	124	36	107	131	110	118	103	128	133	146	159	167	182	185	178	208	255	261	324	306	326	332	539	255	374	403	457	669	743	255	379	12049
NS.1223.004.NEBNext_dual_i7_C3---NEBNext_dual_i5_C3.07_26_vHIP_R2 - Second read: Adapter 2	1241062	307799	155498	105738	90473	90034	73145	73306	65189	61579	56092	54398	44131	43842	42787	31273	32693	28241	25507	22869	21573	20037	18502	15411	14607	13924	10700	11297	7863	7969	7169	7178	7734	7516	3118	7085	1254	3807	3307	2693	1535	3014	2966	1917	1319	710	2298	210	486	257	844	1195	280	641	1094	352	271	940	241	174	798	676	141	196	95	125	83	215	66	110	135	129	127	85	76	110	118	144	154	170	168	154	210	244	247	315	311	324	333	532	266	362	400	465	658	731	259	82	2432
NS.1223.004.NEBNext_dual_i7_C4---NEBNext_dual_i5_C4.23_38_dHIP_R2 - First read: Adapter 1	647085	176426	87925	61015	51850	50659	46512	42555	39943	36573	32472	31358	28423	25841	24327	21463	18639	17165	15747	13779	13174	12481	10935	9779	9255	7896	7387	6304	5516	4957	4784	4359	3763	3386	3146	2852	2610	2398	2186	1918	1823	1539	2166	330	879	1139	952	755	801	643	601	535	552	414	409	396	442	244	190	342	206	175	147	219	167	272	117	72	39	58	69	76	67	59	54	66	65	71	65	73	89	109	99	117	108	150	119	166	189	304	137	188	224	237	328	388	167	365	11695
NS.1223.004.NEBNext_dual_i7_C4---NEBNext_dual_i5_C4.23_38_dHIP_R2 - Second read: Adapter 2	791822	193916	94653	63453	53954	53472	43945	43918	39589	36730	33785	33115	26680	25720	27924	16934	22522	15834	13822	14131	13055	12443	11612	9779	8643	8485	6649	6649	5359	4827	4868	4555	3508	3651	3812	2155	3104	2284	1541	2166	1417	1587	1567	1345	1717	542	1492	259	469	307	641	780	222	432	803	199	131	663	123	117	629	249	81	136	72	86	96	159	77	76	90	69	55	36	42	56	54	61	59	72	82	115	100	104	107	149	121	169	187	294	142	190	222	241	319	383	154	66	1650
NS.1223.004.NEBNext_dual_i7_C5---NEBNext_dual_i5_C5.19_26_ACC_R2 - First read: Adapter 1	773503	214661	108471	76011	64905	62977	57903	52338	50531	45532	40789	38963	34918	32765	30248	26939	22881	21497	19718	17156	16447	15621	13538	11961	11292	9981	9073	7899	6919	6437	5746	5216	4918	4247	4075	3573	3193	3233	2230	2390	2118	1960	2805	453	1278	1210	1199	1017	1040	882	718	718	717	508	527	596	555	378	274	377	284	266	204	314	267	435	146	102	53	111	124	107	113	115	88	135	136	158	145	138	170	186	211	269	244	277	287	276	412	526	306	360	420	503	646	789	291	472	14946
NS.1223.004.NEBNext_dual_i7_C5---NEBNext_dual_i5_C5.19_26_ACC_R2 - Second read: Adapter 2	951071	233787	116193	78737	67388	67219	54490	54778	49251	46317	41894	41268	32827	32491	33134	22534	25818	20840	18516	17515	16399	15236	13964	11940	11427	9863	8812	7639	7360	6219	5770	5555	4758	4254	4041	4135	4461	2450	1268	3307	1307	4060	2002	763	2207	570	1183	374	402	240	614	963	376	505	775	399	327	733	348	175	690	553	284	299	263	151	121	128	66	72	83	79	96	98	44	56	97	118	122	128	138	188	200	235	229	263	287	290	414	511	322	349	413	502	630	781	282	75	2034
NS.1223.004.NEBNext_dual_i7_C6---NEBNext_dual_i5_C6.24_32_vHIP_R2 - First read: Adapter 1	593163	165592	82536	58066	49651	48511	43804	39446	37279	33804	30814	28981	26585	24458	22674	20063	16971	15906	14378	12649	12037	11314	9944	8692	8223	7218	6795	5807	5014	4528	4127	3621	3385	3315	2703	2849	2159	1982	1806	1579	1541	1230	2084	238	848	968	903	665	709	562	558	512	507	357	374	388	409	207	162	318	202	145	126	237	167	320	141	83	33	71	98	86	86	107	75	132	152	117	165	129	164	183	208	203	239	292	291	271	383	515	262	354	386	513	700	811	275	231	8730
NS.1223.004.NEBNext_dual_i7_C6---NEBNext_dual_i5_C6.24_32_vHIP_R2 - Second read: Adapter 2	743911	181284	89350	60432	50861	51292	40258	41399	36054	34024	31341	31718	23696	24411	24192	17142	18361	15846	13871	12924	11847	11116	10458	8600	8234	7349	6456	5615	5429	4254	4384	3658	3335	3216	2853	3312	3089	826	1713	2188	735	3169	1161	825	869	345	1143	137	305	139	520	727	192	382	626	246	176	578	193	78	483	532	120	146	95	83	53	129	58	44	120	116	110	103	53	81	107	112	138	107	156	180	188	195	236	282	288	273	398	521	273	340	388	514	686	806	281	97	3540
NS.1223.004.NEBNext_dual_i7_C7---NEBNext_dual_i5_C7.07_09_dHIP_R2 - First read: Adapter 1	953550	247128	112494	72551	62645	59692	55403	49377	47075	42204	38257	36524	32554	30662	28307	25237	21079	19728	18438	15750	15552	14326	12689	11181	10256	9301	8415	7259	6218	5920	5346	4950	4466	3822	3671	3361	3070	2701	2425	2115	2000	1722	2670	355	1056	1284	1172	953	969	820	696	692	622	510	481	461	533	339	229	375	233	219	156	289	187	328	117	91	35	84	109	90	96	75	91	96	76	105	92	116	111	145	147	164	190	203	179	218	257	348	193	265	317	344	483	595	233	455	18170
NS.1223.004.NEBNext_dual_i7_C7---NEBNext_dual_i5_C7.07_09_dHIP_R2 - Second read: Adapter 2	1171792	271667	121993	76206	63764	62627	51945	51475	45796	42593	39468	37813	30738	30398	30277	21427	22634	20964	16644	16165	15380	14140	12901	11335	10255	9347	8023	7090	6660	5562	5479	5000	4482	4384	2964	3410	3551	2585	2134	2439	1691	3516	1658	753	2268	645	1006	518	408	301	663	888	346	536	711	306	365	605	314	151	529	451	215	245	251	137	142	160	51	57	65	64	64	57	35	46	55	76	86	102	97	128	137	155	189	196	172	208	261	338	193	276	318	340	469	588	234	113	3504
NS.1223.004.NEBNext_dual_i7_C8---NEBNext_dual_i5_C8.06_38_ACC_R2 - First read: Adapter 1	620447	166050	79255	53982	45872	44225	41287	36982	34507	31550	28451	26788	24370	22309	20757	18211	15859	14244	13331	11606	10861	10250	9167	8087	7431	6682	5949	5253	4320	4277	3408	3434	3111	2806	2542	2407	1956	2045	1382	1474	1368	1224	1788	305	666	845	782	609	593	536	422	412	420	345	288	307	338	164	162	269	150	118	138	204	157	274	84	63	32	54	78	95	67	63	64	97	104	102	95	99	129	146	167	169	179	237	192	176	268	396	213	302	272	354	502	554	207	225	7990
NS.1223.004.NEBNext_dual_i7_C8---NEBNext_dual_i5_C8.06_38_ACC_R2 - Second read: Adapter 2	767705	181728	85755	56419	47292	47355	38634	38688	33639	31978	29116	28459	22838	22049	24170	13851	19517	12984	11455	11808	10792	10284	9660	8077	6969	7066	5357	5782	3840	4058	3575	3346	3347	2661	3394	1696	1853	3061	458	2011	744	2015	1186	623	1551	247	957	161	291	124	433	601	133	375	542	173	152	447	139	79	509	334	85	153	85	60	81	129	49	44	78	74	66	45	57	75	88	88	92	97	127	126	153	150	171	232	191	174	274	397	216	291	275	359	489	551	200	47	1361
NS.1223.004.NEBNext_dual_i7_C9---NEBNext_dual_i5_C9.01_09_vHIP_R2 - First read: Adapter 1	616721	172062	86562	60797	51754	50567	46400	42106	39640	36202	32779	30833	27936	25633	24177	21683	17978	16906	15586	13447	12726	11934	10627	9177	8805	7804	7066	6297	5253	5029	4467	4140	3594	3383	2837	2878	2365	2130	1848	1840	1539	1417	2013	316	1045	2099	544	267	1300	435	221	744	862	191	126	126	470	46	83	490	53	38	150	278	39	168	131	98	17	35	58	64	61	90	98	85	83	94	94	99	139	158	157	176	178	199	201	199	256	375	213	246	322	367	488	523	205	304	11116
NS.1223.004.NEBNext_dual_i7_C9---NEBNext_dual_i5_C9.01_09_vHIP_R2 - Second read: Adapter 2	766952	188330	93706	63327	53820	54708	42417	44197	38371	36847	33366	33269	25608	25425	27423	16842	21724	15573	14077	13698	12570	11654	11401	8841	8850	8001	6540	6536	5098	4949	4527	3905	4127	3986	2480	2884	2230	1645	1838	2434	1031	2316	1336	662	1879	633	750	463	357	233	535	620	235	416	504	212	224	464	219	152	468	315	180	234	214	118	123	101	75	48	49	42	51	78	36	35	45	68	77	91	128	139	129	160	171	186	202	199	240	376	227	241	322	345	462	517	200	76	1826
NS.1223.004.NEBNext_dual_i7_D1---NEBNext_dual_i5_D1.16_38_vHIP_R2 - First read: Adapter 1	732185	198027	97964	67822	57399	55030	51646	46645	44201	40273	36284	34873	31829	29255	26940	24854	20877	19385	18002	15600	15080	13804	12492	10837	10454	9035	8373	7499	6526	5929	5434	4998	4308	4075	3658	3401	3108	2743	2418	2209	2095	1921	2610	404	1165	1300	1290	1028	958	860	769	745	686	506	530	570	490	381	265	406	235	241	185	265	203	353	118	69	47	104	72	74	63	45	47	52	62	59	67	68	64	75	78	92	109	111	133	112	146	197	105	155	183	173	224	337	175	390	12795
NS.1223.004.NEBNext_dual_i7_D1---NEBNext_dual_i5_D1.16_38_vHIP_R2 - Second read: Adapter 2	899088	218236	105039	70371	59428	59610	47086	48069	43509	40909	37200	36894	29772	28819	30916	19319	25765	17844	15482	15934	14898	14200	12986	10816	9694	9590	7609	8061	6012	5934	5177	4949	4461	4345	3806	2917	3043	3775	1480	2709	1584	4205	1336	867	2190	453	1436	329	389	255	764	1069	288	516	918	299	251	795	244	140	615	516	148	199	148	104	71	139	59	44	50	45	43	27	20	36	61	47	58	66	53	72	73	93	105	112	125	116	146	202	115	141	163	182	230	337	182	94	2570
NS.1223.004.NEBNext_dual_i7_D2---NEBNext_dual_i5_D2.03_13_dHIP_R2 - First read: Adapter 1	1155557	323228	166863	118000	102587	99065	91611	83200	77824	70857	63883	61772	55441	51277	48109	42647	35860	33392	31168	26859	25874	23818	21269	18595	17737	15538	14117	12336	10640	9763	8917	8099	7374	6748	5925	5659	4710	4516	3782	3543	3422	2808	4428	509	1855	2854	1804	820	1836	1201	759	1182	1531	691	564	468	1190	148	178	917	196	140	299	557	148	380	245	154	27	90	115	102	100	143	105	122	109	121	105	149	156	147	155	202	227	232	257	261	318	488	276	325	399	423	580	656	230	440	12557
NS.1223.004.NEBNext_dual_i7_D2---NEBNext_dual_i5_D2.03_13_dHIP_R2 - Second read: Adapter 2	1424172	351723	178094	122823	104581	100975	89057	85376	77071	71550	65570	64835	51955	50613	53427	34390	40970	32684	28189	27522	25439	23511	21735	18750	17934	16110	12978	12320	11038	9320	9344	8278	8547	5562	5828	5226	5341	6485	1760	4678	2394	3530	3636	2642	2242	993	2772	270	675	332	1021	1562	391	799	1459	431	284	1239	248	373	871	635	157	233	112	168	109	242	85	144	156	125	141	73	57	89	99	107	93	145	145	137	147	190	218	229	252	271	320	482	301	312	382	424	578	639	222	73	3057
NS.1223.004.NEBNext_dual_i7_D3---NEBNext_dual_i5_D3.14_35_ACC_R2 - First read: Adapter 1	676130	182697	88337	60220	50935	50034	45910	41739	39380	35949	32332	30582	27738	25409	23493	21018	17889	16660	15336	13303	12584	11762	10473	9002	8657	7695	6769	6064	5048	4751	4285	4055	3648	3283	2834	2744	2419	2129	2031	1944	1545	1332	1945	302	1034	2538	504	274	1562	381	148	727	742	176	88	95	334	27	73	389	61	69	91	240	34	93	96	81	14	21	47	59	53	81	54	72	99	64	84	78	96	106	123	112	126	160	167	168	172	271	138	208	278	256	343	423	190	287	10052
NS.1223.004.NEBNext_dual_i7_D3---NEBNext_dual_i5_D3.14_35_ACC_R2 - Second read: Adapter 2	829201	200352	95631	62629	53188	54150	42197	43653	38204	36599	32846	32821	25745	25201	26784	16387	21795	15256	13443	13608	12381	11604	11091	9042	8331	8084	6209	6358	4825	4647	4230	3970	4748	6681	1863	911	1900	2205	1427	2782	900	2218	1495	764	1019	357	1194	156	340	167	523	689	211	375	641	208	191	525	176	102	438	382	112	158	127	64	73	115	30	41	77	59	53	47	28	54	77	52	75	68	99	85	123	104	120	159	160	166	173	262	143	209	266	257	331	414	193	58	1747
NS.1223.004.NEBNext_dual_i7_D4---NEBNext_dual_i5_D4.23_38_vHIP_R2 - First read: Adapter 1	561807	149002	70639	46611	40246	38603	35688	31868	30193	27252	24504	23345	21288	19491	18277	15986	13711	12842	11692	10224	9893	9019	8370	7145	6883	5911	5395	4850	3990	3776	3530	3135	2881	2428	2445	2110	1959	1736	1495	1435	1348	1106	1689	299	817	1665	1927	255	635	559	313	333	458	311	85	114	106	49	41	263	118	99	62	223	36	27	26	38	12	9	20	27	48	54	62	60	58	80	66	80	70	83	105	104	121	148	158	129	190	236	148	162	232	241	353	392	162	284	8313
NS.1223.004.NEBNext_dual_i7_D4---NEBNext_dual_i5_D4.23_38_vHIP_R2 - Second read: Adapter 2	696438	164638	76698	48779	41324	42640	30660	33976	28858	27669	24997	24748	19759	19082	21152	12066	17141	11436	10110	10491	9746	8835	8975	7285	6318	6458	4733	5678	3223	4058	3171	3066	3691	1814	4179	1631	1951	1499	816	1567	776	1649	865	579	1412	577	665	554	427	368	468	516	265	370	476	231	206	337	167	143	469	168	140	156	126	113	119	112	82	85	47	60	49	47	42	50	40	56	52	52	66	83	75	94	98	131	138	136	174	222	140	154	226	242	326	380	164	83	1523
NS.1223.004.NEBNext_dual_i7_D5---NEBNext_dual_i5_D5.19_26_dHIP_R2 - First read: Adapter 1	555680	154141	78658	55634	47615	46038	42786	38948	37401	33775	30767	28569	26754	24379	23018	20742	17694	16503	15228	13326	12618	12146	10616	9418	8973	7938	7088	6456	5491	5117	4780	4373	3761	3670	3420	3040	2587	2528	2239	1969	1890	1709	2244	375	1094	1188	1095	875	882	783	662	580	624	479	435	481	471	317	225	378	234	170	154	280	191	269	100	61	40	72	78	55	70	63	57	62	51	52	76	53	63	78	92	78	100	106	113	88	134	227	111	137	181	169	253	285	153	369	12422
NS.1223.004.NEBNext_dual_i7_D5---NEBNext_dual_i5_D5.19_26_dHIP_R2 - Second read: Adapter 2	683370	167733	84342	57904	48463	48112	40006	40891	36118	34151	30909	30571	24789	24491	24603	17307	20615	16271	13505	13615	12474	12286	10768	9345	8759	8145	6646	6582	5405	5014	4733	4593	3634	3948	3831	2883	1893	2467	2193	2453	1363	2005	1588	1268	2223	518	1469	322	546	324	673	866	234	535	878	216	182	746	150	139	684	252	92	154	98	95	124	149	52	85	59	51	47	28	42	54	39	61	81	53	58	70	89	75	95	107	112	95	133	219	122	136	179	175	248	280	140	61	1989
NS.1223.004.NEBNext_dual_i7_D6---NEBNext_dual_i5_D6.21_38_ACC_R2 - First read: Adapter 1	902798	233499	106771	69275	59146	57277	52827	47098	44555	40425	37025	33823	31252	28714	26630	24039	19694	18543	16904	15011	14330	13484	11921	10279	9855	8488	7661	6942	5716	5511	4867	4652	3929	3727	3222	2981	2707	2510	2152	1976	1979	1507	2507	316	1054	1951	849	366	1198	635	343	673	1085	395	269	263	578	75	107	608	87	86	150	374	57	235	145	106	17	56	80	82	85	96	90	119	108	109	106	147	134	174	200	215	178	241	239	253	306	457	217	307	332	373	549	621	240	335	11679
NS.1223.004.NEBNext_dual_i7_D6---NEBNext_dual_i5_D6.21_38_ACC_R2 - Second read: Adapter 2	1115130	258004	116287	72354	59439	58815	49765	49480	43090	40707	37328	35782	28619	28803	27774	20701	21551	18556	16347	15272	14177	13170	12159	10463	9953	8510	7384	6782	6018	5308	5201	4266	4023	4380	2700	2873	2742	2525	2278	2076	1609	1533	1646	1593	1525	730	1489	437	630	441	646	763	265	530	821	263	202	674	153	187	645	216	91	162	91	129	146	188	106	124	129	107	97	61	60	98	95	107	100	130	130	177	185	199	180	229	240	262	306	449	222	288	322	380	533	619	242	103	3819
NS.1223.004.NEBNext_dual_i7_D7---NEBNext_dual_i5_D7.07_09_vHIP_R2 - First read: Adapter 1	607997	166273	84267	58949	49835	48641	44936	40439	38241	34907	31943	29844	27118	25430	23664	21110	17690	16558	15412	13633	12831	11857	10721	9495	8922	7820	7064	6385	5456	5221	4670	4288	3456	3532	3245	2944	2556	2333	2108	1760	1893	1616	2294	355	1006	1221	987	688	913	706	529	554	685	439	402	380	547	184	158	360	162	146	162	289	133	258	119	71	37	60	65	64	56	50	59	62	52	65	64	78	75	101	98	100	107	135	138	149	144	269	116	195	221	226	297	369	170	476	15432
NS.1223.004.NEBNext_dual_i7_D7---NEBNext_dual_i5_D7.07_09_vHIP_R2 - Second read: Adapter 2	751824	183762	91009	61207	50926	50435	42347	42035	37372	34966	32986	31350	25664	25216	26437	16950	21024	15385	13745	13964	12656	11728	11183	9536	8688	8025	6611	6197	5743	4911	4750	4623	3467	3349	3247	3007	3460	2232	1426	2118	1663	3952	1339	675	1277	477	976	189	322	208	523	700	292	446	656	270	299	551	262	118	489	453	171	170	145	86	53	94	30	38	47	42	50	53	28	37	38	49	64	69	66	97	89	96	103	126	140	149	151	264	123	177	225	220	290	372	169	83	2242
NS.1223.004.NEBNext_dual_i7_D8---NEBNext_dual_i5_D8.06_38_dHIP_R2 - First read: Adapter 1	799115	214944	106154	72069	61571	60321	54975	49869	47175	42569	38573	35895	33249	30788	28231	25453	21396	19926	18599	16131	15368	14033	12653	10969	10447	9052	8233	7402	6262	5740	5205	4821	4135	4150	3181	3429	2519	2524	2308	2049	1864	1674	2260	336	1032	1117	1039	851	825	795	658	618	570	454	423	464	424	334	223	316	211	207	164	262	220	369	113	61	53	98	70	94	71	89	83	91	99	95	124	134	127	148	145	187	180	234	217	200	269	369	197	328	312	354	554	631	230	314	9950
NS.1223.004.NEBNext_dual_i7_D8---NEBNext_dual_i5_D8.06_38_dHIP_R2 - Second read: Adapter 2	997994	238830	114948	75581	63036	62716	51923	52212	45773	43146	38883	38544	30953	30478	32133	19719	26661	17882	16084	16441	15053	14411	13155	10846	9862	9302	7692	7501	6309	5411	5569	4415	4311	4266	3858	2917	2215	2540	2286	2384	1502	2212	1545	1238	1908	483	1560	253	482	289	677	909	210	509	804	234	177	701	133	140	682	312	93	167	92	120	124	178	63	102	89	66	84	67	58	76	89	96	110	110	126	149	145	180	175	227	213	203	270	362	199	321	300	352	552	628	241	72	1923
NS.1223.004.NEBNext_dual_i7_D9---NEBNext_dual_i5_D9.03_15_ACC_R2 - First read: Adapter 1	544972	148095	73689	50803	43656	42124	39110	35158	33226	29918	27116	25938	23002	21610	19674	17609	14793	14059	12663	10923	10415	9686	8774	7443	7233	6253	6025	4896	4219	3953	3431	3194	2775	2535	2552	2005	2000	1660	1544	1282	1271	1083	1565	220	733	966	673	497	580	497	350	383	516	301	247	222	351	109	92	308	112	74	115	255	85	185	111	72	30	62	72	57	78	61	74	82	72	111	87	105	136	126	166	172	166	230	191	217	292	404	189	271	334	371	531	629	228	217	6257
NS.1223.004.NEBNext_dual_i7_D9---NEBNext_dual_i5_D9.03_15_ACC_R2 - Second read: Adapter 2	671037	161910	79550	52688	45450	45589	35911	36345	32620	30303	27831	27462	21581	21309	22768	13416	18392	12853	11033	11151	10144	9832	9178	7494	6840	6763	5241	5406	3798	3840	3401	3254	2985	2380	4718	1534	1001	2229	626	1599	822	1718	1167	715	935	277	1009	113	263	115	416	570	140	325	503	172	148	409	115	67	431	314	95	128	74	62	74	139	44	58	71	73	69	51	48	60	66	94	90	88	129	117	164	153	165	221	190	223	292	388	192	267	336	368	525	616	227	47	1264
NS.1223.004.NEBNext_dual_i7_E1---NEBNext_dual_i5_E1.27_32_ACC_R2 - First read: Adapter 1	620896	169124	83874	58044	49716	47781	44620	39856	37923	34483	31099	28948	26596	24313	22771	20959	16636	16197	14747	12837	12171	11282	10053	8740	8228	7256	6578	5761	4898	4560	4154	3684	3414	3300	2563	2502	2242	1977	1848	1577	1519	1324	1740	306	836	1132	757	522	748	507	434	475	590	314	284	256	350	99	133	338	116	83	120	231	92	190	105	57	18	47	63	73	57	59	56	75	76	92	84	104	119	129	145	150	153	182	189	191	209	376	166	243	254	269	383	420	184	234	7297
NS.1223.004.NEBNext_dual_i7_E1---NEBNext_dual_i5_E1.27_32_ACC_R2 - Second read: Adapter 2	761917	184214	90624	60102	51496	50162	42416	41652	37274	34625	32333	30606	25155	24281	25967	16117	21253	14585	13116	13091	12049	11237	10369	8742	8104	7265	6326	5473	5382	4462	4106	3602	3420	3340	2736	2373	2432	1761	1759	1927	1222	3183	987	621	1180	366	898	158	258	127	459	669	185	320	574	163	120	505	132	103	402	352	87	94	68	71	54	103	38	44	70	89	62	62	34	59	61	80	82	94	109	133	136	137	156	172	185	191	203	365	177	231	254	275	376	419	179	44	1327
NS.1223.004.NEBNext_dual_i7_E2---NEBNext_dual_i5_E2.03_13_vHIP_R2 - First read: Adapter 1	788184	214141	105729	73145	63366	61156	56269	50621	47851	43474	38871	37470	33763	31335	28955	25667	21781	19767	19036	16344	15724	14352	12577	10913	10821	9064	8257	7425	6110	5898	5258	4827	4445	3958	3505	3314	2738	2559	2256	2294	1845	1633	2425	365	1175	2965	587	208	1855	528	145	685	1275	227	111	85	430	45	57	591	78	68	125	389	19	128	113	89	13	28	55	81	85	65	92	93	102	105	95	137	101	154	152	150	202	187	210	221	257	369	233	263	347	377	476	495	223	329	9902
NS.1223.004.NEBNext_dual_i7_E2---NEBNext_dual_i5_E2.03_13_vHIP_R2 - Second read: Adapter 2	967802	232929	113802	76085	64766	65726	50485	52932	46460	43958	39699	39713	31302	30779	32561	20141	25784	18856	16550	16752	15476	14333	13255	11020	10180	9712	7310	7756	5920	5877	5258	4700	4362	3976	3584	3471	3120	2477	1984	2258	1663	2676	1645	1252	1702	509	1570	215	404	230	660	898	242	474	799	263	182	706	156	122	657	379	91	168	93	113	67	173	57	68	104	82	83	44	56	78	88	93	90	121	95	150	151	150	196	176	211	230	259	368	230	261	345	367	476	490	235	83	2154
NS.1223.004.NEBNext_dual_i7_E3---NEBNext_dual_i5_E3.14_35_dHIP_R2 - First read: Adapter 1	1214154	324768	155764	102997	87549	84903	78788	70893	66652	60021	54005	51488	46179	42923	39777	35490	30018	27563	25556	21988	20864	19053	17066	14755	13822	12321	10958	9714	8272	7435	6890	6207	5498	5091	4598	4109	3688	3117	2927	2552	2475	2067	2842	408	1277	1444	1272	912	1124	931	717	719	752	503	510	487	616	275	227	523	222	199	211	391	223	370	193	107	49	112	141	145	130	142	160	178	196	209	201	231	241	260	324	316	331	417	442	380	504	702	375	491	557	665	942	1053	375	457	13513
NS.1223.004.NEBNext_dual_i7_E3---NEBNext_dual_i5_E3.14_35_dHIP_R2 - Second read: Adapter 2	1502633	357035	167779	108356	91202	90839	74106	73765	65687	60809	55736	54191	43849	42649	45400	27906	36582	25200	22584	22380	20421	19761	17802	14894	12857	13454	9442	11565	6590	8245	6332	6131	8788	3860	6583	939	5439	911	2518	4509	1204	4185	1990	1117	1088	495	1544	220	423	217	694	946	318	534	822	314	271	783	336	173	612	693	233	248	214	120	109	176	64	84	126	137	134	108	73	129	151	187	191	206	237	256	300	299	330	391	429	389	503	692	377	477	548	668	928	1045	338	82	2101
NS.1223.004.NEBNext_dual_i7_E4---NEBNext_dual_i5_E4.04_09_ACC_R2 - First read: Adapter 1	740093	200364	99497	68132	58400	56300	51735	47307	44382	40315	37182	33249	30998	28331	26289	24075	19087	18676	16933	14636	13779	12932	11527	9932	9439	8172	7370	6516	5575	5217	4666	4309	3683	3435	3297	2745	2423	2278	2013	1585	1617	1387	2074	260	876	1203	850	558	745	596	444	479	619	357	312	330	501	144	123	369	118	154	154	332	113	288	119	71	40	85	119	102	117	113	124	132	143	141	148	144	191	223	226	237	230	321	322	309	367	491	303	385	421	431	636	761	258	242	7297
NS.1223.004.NEBNext_dual_i7_E4---NEBNext_dual_i5_E4.04_09_ACC_R2 - Second read: Adapter 2	917675	220125	107574	71030	60947	62918	45123	49814	42762	40907	37237	36129	28699	28351	30413	17973	24747	16584	14642	14928	13608	13234	12018	10030	8665	8729	6508	7829	4333	5645	4272	4073	3898	5867	920	4173	1679	1675	1711	2666	869	2583	1219	658	1530	321	997	234	292	179	509	672	181	382	695	216	187	571	142	113	502	489	126	165	135	90	92	171	48	71	88	96	125	63	78	99	116	122	141	141	178	210	214	232	231	310	311	317	362	475	307	381	413	435	619	754	230	46	1428
NS.1223.004.NEBNext_dual_i7_E5---NEBNext_dual_i5_E5.19_26_vHIP_R2 - First read: Adapter 1	738952	203033	100330	69085	60012	68244	40980	48259	45429	41279	37006	35315	32243	29603	27972	24639	21084	19489	18013	15849	14881	14168	12499	10793	10327	8926	8508	7502	6350	5973	4993	4828	4322	4113	3584	3340	3035	2465	2408	2264	2141	1716	2440	409	1273	1838	1028	563	1303	641	422	831	1063	398	281	264	697	71	147	583	121	91	205	343	74	254	161	100	15	55	78	70	81	76	66	81	86	99	95	101	103	124	133	155	160	158	204	165	221	324	167	235	276	284	357	399	192	504	16703
NS.1223.004.NEBNext_dual_i7_E5---NEBNext_dual_i5_E5.19_26_vHIP_R2 - Second read: Adapter 2	911384	222294	108713	72132	61530	60375	50596	49674	44675	41500	38456	37149	30463	29309	31296	19855	26064	17707	15523	16208	14770	14058	12978	10712	10128	9149	8011	7225	6860	5505	5134	4977	4372	4211	3447	3443	3412	2096	2234	2663	1656	3091	1693	747	2454	716	968	567	428	310	641	764	317	526	720	321	287	629	291	165	596	384	249	256	254	123	136	140	46	45	44	39	64	55	30	35	50	69	75	94	97	109	107	139	157	148	206	167	215	317	181	231	275	280	348	412	197	132	3719
NS.1223.004.NEBNext_dual_i7_E6---NEBNext_dual_i5_E6.21_38_dHIP_R2 - First read: Adapter 1	609997	163155	77133	51740	43664	42136	39521	35395	33284	30331	26955	26268	23440	21724	20204	17683	15014	14152	13113	11556	10809	10108	8956	7789	7439	6643	5794	5234	4258	4202	3631	3391	2907	2685	2579	2257	2043	1839	1563	1488	1414	1109	1654	380	914	2047	423	213	1227	345	127	576	745	170	114	78	293	33	60	345	52	58	104	227	27	80	93	76	8	21	35	41	53	57	64	68	71	61	68	78	104	104	112	115	154	167	169	190	210	261	137	207	235	245	344	441	187	254	9541
NS.1223.004.NEBNext_dual_i7_E6---NEBNext_dual_i5_E6.21_38_dHIP_R2 - Second read: Adapter 2	758162	178915	84016	54069	45122	45809	35600	37367	31955	30881	27394	28115	21668	21350	23195	13371	18588	12999	11236	11757	10674	10299	9391	7757	6873	6978	5204	5500	4031	4013	3624	3664	3754	2096	2388	2321	2279	1307	1464	1899	896	1359	1192	1037	1267	433	1122	241	346	248	428	574	189	343	583	184	128	510	80	108	466	190	55	102	61	80	93	117	53	71	69	54	66	43	51	56	64	51	64	77	99	104	106	106	158	158	166	190	210	252	138	194	241	239	343	442	190	95	2532
NS.1223.004.NEBNext_dual_i7_E7---NEBNext_dual_i5_E7.25_31_ACC_R2 - First read: Adapter 1	535510	138788	62912	40569	34581	34093	30774	27976	26542	23834	21825	20579	18603	16849	15863	14113	11967	11200	10313	8984	8526	7933	6944	6136	5873	5148	4662	4063	3463	3210	2922	2704	2499	2149	1992	1827	1788	1243	1262	1324	1143	1217	1211	229	363	735	593	433	519	413	336	417	438	269	226	234	339	99	88	263	118	74	108	187	75	167	65	61	11	32	52	44	45	26	40	51	42	48	58	63	70	75	69	58	93	103	104	102	124	184	97	130	124	180	233	306	136	258	8410
NS.1223.004.NEBNext_dual_i7_E7---NEBNext_dual_i5_E7.25_31_ACC_R2 - Second read: Adapter 2	658778	153187	68587	42636	35866	36088	29158	29202	25929	24068	22397	21440	17951	16683	17120	12007	14636	10259	9081	9194	8460	7706	7383	6078	5774	5304	4375	4076	3551	3088	3008	2670	2371	2299	2452	1738	1400	1305	1239	1584	710	1290	744	527	1181	448	549	503	345	312	372	465	218	302	372	201	182	284	132	144	345	163	102	129	106	89	99	121	72	50	43	41	27	28	25	26	32	29	50	44	56	65	58	58	71	89	100	104	120	165	102	124	122	181	229	301	142	101	1626
NS.1223.004.NEBNext_dual_i7_E8---NEBNext_dual_i5_E8.06_38_vHIP_R2 - First read: Adapter 1	849635	227925	110131	74429	62570	59974	56163	50369	47448	43353	39148	37011	33418	30988	28600	25466	21114	20042	18291	15808	15165	14118	12426	10785	10492	9155	8093	7351	5965	5770	5098	4625	4034	3907	3415	3122	2852	2524	2207	1995	1899	1517	2387	305	936	1181	927	857	772	713	562	513	568	451	453	463	407	247	216	335	204	213	165	274	192	338	124	90	42	90	96	98	106	118	110	139	153	161	164	184	194	246	228	275	254	353	318	312	363	590	261	380	503	544	759	847	300	278	8186
NS.1223.004.NEBNext_dual_i7_E8---NEBNext_dual_i5_E8.06_38_vHIP_R2 - Second read: Adapter 2	1063696	252155	119707	77881	64700	63248	53190	51743	47241	43808	40312	38806	31389	30743	30628	21777	23646	19732	17236	16116	14967	14113	12757	10705	10416	9541	7437	7657	5764	5515	5238	5372	3580	3645	3330	3109	3121	2413	2401	2012	1680	3830	1451	574	1568	431	969	264	335	192	497	696	259	439	688	285	254	585	265	134	504	493	227	238	223	98	82	130	60	78	87	93	124	85	56	62	121	126	147	168	178	229	220	255	252	332	309	322	364	589	265	374	496	541	748	835	294	52	1945
NS.1223.004.NEBNext_dual_i7_E9---NEBNext_dual_i5_E9.03_15_dHIP_R2 - First read: Adapter 1	623989	171706	87073	61003	52184	50531	46748	42629	40147	36701	33190	30943	28387	26850	24809	21795	18830	17331	16268	13944	13706	12748	11235	10056	9490	8023	7620	6666	5646	5244	4734	4546	4092	3404	3287	2801	2724	2571	2157	2076	1932	1631	2382	341	1185	1988	915	466	1171	618	442	796	1072	342	277	224	688	75	154	558	98	86	211	380	68	224	150	92	23	45	76	68	40	50	52	47	55	52	69	59	61	74	91	121	96	126	141	119	130	187	125	154	176	205	259	330	163	584	21956
NS.1223.004.NEBNext_dual_i7_E9---NEBNext_dual_i5_E9.03_15_dHIP_R2 - Second read: Adapter 2	766784	189163	93151	63199	53401	53978	42030	44046	39265	37108	33597	32934	26563	26640	28027	16973	23193	15633	14025	14238	13592	12984	11651	10084	8823	8654	6710	7230	5093	5624	4242	4487	5109	4647	1933	2559	3296	2810	834	2653	1410	3435	1605	790	1674	614	895	394	384	288	642	729	370	467	645	302	319	542	302	186	473	388	242	225	242	136	99	109	56	27	40	37	32	40	22	34	29	39	59	61	55	60	88	110	95	115	139	119	124	185	128	144	178	202	257	341	157	117	3052
NS.1223.004.NEBNext_dual_i7_F1---NEBNext_dual_i5_F1.27_32_dHIP_R2 - First read: Adapter 1	576411	153761	72532	48256	41072	39654	36531	33202	31206	27924	25159	24183	22186	19912	18545	16355	13982	12625	11875	10408	9849	8780	8129	7040	6730	5869	5168	4521	3890	3816	2934	2973	2699	2314	2101	1878	1795	1563	1393	1171	1212	1043	1386	242	681	1109	459	325	676	365	237	495	524	235	154	162	367	55	78	355	63	43	131	201	42	157	105	86	24	55	58	70	73	70	84	87	106	113	112	98	127	168	152	152	209	212	217	183	261	375	175	303	301	335	469	447	180	174	5235
NS.1223.004.NEBNext_dual_i7_F1---NEBNext_dual_i5_F1.27_32_dHIP_R2 - Second read: Adapter 2	716413	168555	78216	50466	42264	43680	31277	35163	29863	28371	25710	25740	20393	19808	21095	12670	16721	11440	10654	10654	9634	8651	8484	7035	6703	5999	4853	4686	3832	3510	3185	2888	2832	2545	5220	1678	1551	678	1066	1158	849	1518	953	458	582	280	559	168	302	126	298	394	179	292	364	180	165	320	136	117	395	240	172	175	180	83	88	103	50	40	40	53	59	64	35	35	69	94	78	86	125	146	137	135	191	203	207	188	259	367	182	300	286	331	468	444	169	28	812
NS.1223.004.NEBNext_dual_i7_F2---NEBNext_dual_i5_F2.08_09_ACC_R2 - First read: Adapter 1	746595	201556	96959	65924	56454	54600	50188	45665	43503	39630	35616	33727	30839	28536	25997	23722	19953	18836	17436	14927	14611	13382	12014	10315	10142	8795	7981	7093	5975	5648	5068	4835	4069	3949	3566	3177	2811	2610	2190	2002	2029	1698	2486	399	933	1237	1063	888	811	739	631	608	595	484	439	472	501	236	171	377	187	161	143	241	161	269	107	79	31	57	68	54	62	60	45	50	68	75	47	67	75	79	114	97	100	118	128	105	146	193	116	134	173	162	263	313	178	388	12824
NS.1223.004.NEBNext_dual_i7_F2---NEBNext_dual_i5_F2.08_09_ACC_R2 - Second read: Adapter 2	912597	220018	105560	68404	58189	59961	44301	48167	41691	40161	36206	35865	28699	28378	29608	18624	24420	16930	15365	15223	14392	13371	12647	10382	9657	9302	7149	7688	5456	5599	5054	4716	4265	4471	7032	1022	2381	3145	617	2968	1102	2813	1535	786	1992	682	936	470	412	290	576	725	319	477	616	317	341	512	252	186	448	301	185	197	199	102	118	93	61	31	30	36	51	39	20	31	45	42	39	64	65	81	106	85	100	109	120	115	139	184	113	134	174	164	256	311	166	101	2852
NS.1223.004.NEBNext_dual_i7_F3---NEBNext_dual_i5_F3.14_35_vHIP_R2 - First read: Adapter 1	527223	144195	70390	47523	40677	40196	35679	33011	31092	28072	25810	23587	21839	19810	18718	16519	14012	13062	12137	10515	9944	8902	8112	7036	6671	5762	5428	4687	3913	3710	3267	2964	2699	2316	2156	2065	1813	1632	1249	1268	1241	905	1345	356	611	712	569	567	520	423	346	323	326	261	248	283	264	143	108	238	116	91	88	186	133	214	61	28	34	63	72	51	58	95	63	77	80	96	75	114	129	133	185	135	169	202	166	185	210	344	173	209	263	295	430	493	173	212	6004
NS.1223.004.NEBNext_dual_i7_F3---NEBNext_dual_i5_F3.14_35_vHIP_R2 - Second read: Adapter 2	655991	157173	75527	49770	42127	41973	34383	34026	30634	28464	26063	25950	19785	19952	20210	14036	15095	13039	11643	10644	9627	8882	8392	7121	6712	5814	5209	4768	3894	3679	3212	3039	2858	2278	2025	2041	1895	1396	1332	1567	880	2321	823	533	877	298	811	127	210	109	322	485	128	273	454	129	137	366	133	87	355	298	83	91	79	55	42	100	34	61	85	87	76	54	22	47	61	89	70	103	112	135	183	133	159	198	158	188	207	333	171	208	266	299	410	491	168	31	860
NS.1223.004.NEBNext_dual_i7_F4---NEBNext_dual_i5_F4.04_09_dHIP_R2 - First read: Adapter 1	448595	119897	57219	38547	32545	31268	28868	26301	24813	22330	20157	18937	17247	15823	14616	13131	11027	10291	9415	8190	7764	7092	6499	5430	5446	4438	4186	3736	2944	2847	2454	2270	2104	1982	1655	1432	1429	1227	1080	1042	889	809	1106	180	570	1181	268	166	730	250	132	388	455	110	79	67	237	31	52	308	29	33	75	156	31	76	88	49	9	24	45	55	80	61	77	69	70	85	90	93	99	109	114	136	167	178	153	173	210	340	169	224	242	254	341	415	114	199	5608
NS.1223.004.NEBNext_dual_i7_F4---NEBNext_dual_i5_F4.04_09_dHIP_R2 - Second read: Adapter 2	553505	130376	61349	40631	33244	32747	27410	27384	24236	22540	20633	20023	16007	15862	16502	10399	13274	9453	8336	8398	7618	7137	6779	5466	5140	4607	3857	3751	2988	2753	2516	2223	2111	1970	1799	1801	1226	1050	986	1222	673	1090	591	448	918	381	422	346	300	260	365	313	158	213	273	145	145	245	133	110	263	142	102	117	122	71	102	104	78	53	49	47	45	43	59	50	58	65	84	88	84	103	102	128	147	159	148	180	205	326	178	208	241	240	324	415	122	54	909
NS.1223.004.NEBNext_dual_i7_F5---NEBNext_dual_i5_F5.13_09_ACC_R2 - First read: Adapter 1	737450	201821	100261	70289	60388	58437	53851	49249	47027	42397	38517	36868	33751	30690	29150	26035	22210	20901	19283	17082	16381	14990	13377	11869	11474	9996	9126	8255	6826	6497	6109	5505	4766	4520	4113	3647	3690	2908	2611	2495	2262	2200	3044	448	1360	1523	1398	1045	1117	900	813	848	857	591	555	535	639	282	260	521	258	185	202	358	178	349	156	77	41	88	76	65	54	39	39	50	37	36	48	40	42	43	40	65	76	96	69	83	75	153	98	92	135	138	170	178	154	578	18504
NS.1223.004.NEBNext_dual_i7_F5---NEBNext_dual_i5_F5.13_09_ACC_R2 - Second read: Adapter 2	879631	218283	106902	72792	62414	60873	51919	50276	46978	43150	39251	39406	31399	30771	31904	21532	25150	20388	18052	17451	16211	15142	13941	11830	11004	10745	8049	9263	5947	6464	6131	5751	4528	4687	5246	3109	3091	3048	2290	3511	1549	2852	2574	1525	1726	565	2203	253	567	281	833	1202	296	655	1027	301	244	925	190	180	762	471	109	190	89	105	117	164	47	71	65	52	41	28	27	36	29	31	46	33	39	35	39	61	75	93	72	81	82	152	109	88	134	138	172	179	104	85	3541
NS.1223.004.NEBNext_dual_i7_F6---NEBNext_dual_i5_F6.21_38_vHIP_R2 - First read: Adapter 1	713497	195012	98402	68398	62888	83192	21072	47651	44794	40520	36374	35036	32138	28900	27822	24811	20220	19676	17976	15838	14749	14010	12407	10832	10248	9087	8439	7375	6322	5796	5253	4771	4622	3759	3663	3447	3045	2712	2470	2057	2160	1756	2477	404	1152	1568	1241	706	1087	756	633	723	868	479	401	390	647	142	176	497	174	118	201	316	126	282	166	95	25	52	84	63	62	56	60	61	68	84	61	67	87	78	107	118	124	143	125	135	159	217	149	150	190	214	311	314	171	432	17036
NS.1223.004.NEBNext_dual_i7_F6---NEBNext_dual_i5_F6.21_38_vHIP_R2 - Second read: Adapter 2	883397	214255	106832	71364	61080	60451	49415	49568	43941	41178	37768	36656	30349	29333	32258	18932	25271	17897	16041	16145	14606	13732	12930	10826	10217	9111	8239	7066	6769	5636	5150	5247	4730	7150	2439	1841	2842	2233	4034	2051	797	4232	1654	967	952	458	1569	140	326	160	630	955	262	504	880	280	222	748	259	124	486	542	174	166	116	96	52	128	41	56	93	66	56	60	22	41	51	60	62	61	88	65	110	97	117	138	129	133	160	213	155	143	193	217	314	317	190	131	4649
NS.1223.004.NEBNext_dual_i7_F7---NEBNext_dual_i5_F7.25_31_dHIP_R2 - First read: Adapter 1	734942	196195	94467	63356	53994	52305	47648	43411	40747	37135	33921	31416	28843	26015	24361	22116	18518	17338	15971	13814	12956	12084	10774	9460	8992	7603	7055	6133	5242	5029	4340	3932	3642	3133	2963	2702	2433	2097	1960	1772	1547	1288	2036	305	909	1336	803	491	865	555	380	556	790	328	301	258	440	81	98	431	110	81	101	301	77	191	119	64	17	71	68	95	79	85	94	87	106	110	90	109	103	143	156	194	186	253	219	219	276	368	225	255	286	353	461	525	217	476	14622
NS.1223.004.NEBNext_dual_i7_F7---NEBNext_dual_i5_F7.25_31_dHIP_R2 - Second read: Adapter 2	914874	215883	102509	66221	56499	57340	42784	45663	39670	37719	34227	33950	26742	26252	27478	17556	20605	18010	14182	14092	12792	12238	11114	9433	8731	7830	6669	6108	5360	4816	4378	4365	3895	3193	2965	2448	3025	1140	1930	2219	1041	1950	1423	993	1549	409	1307	181	356	206	528	731	176	385	733	219	125	573	114	112	548	296	64	135	61	74	92	143	55	72	99	79	79	58	68	81	84	92	89	110	97	132	155	193	181	233	214	217	285	353	231	252	278	361	455	516	214	91	2357
NS.1223.004.NEBNext_dual_i7_F8---NEBNext_dual_i5_F8.11_09_ACC_R2 - First read: Adapter 1	544993	145678	68398	46152	38672	37372	34676	31428	29342	26542	24298	22540	20685	18722	17366	15506	12750	12260	11121	9884	8964	8434	7630	6542	6211	5443	4914	4350	3649	3230	3103	2837	2257	2223	2132	1681	1553	1468	1270	1157	1080	848	1290	201	658	1366	372	171	771	343	155	463	598	120	92	92	225	36	68	306	42	56	92	220	27	107	81	74	19	43	71	77	71	71	86	88	83	97	104	119	143	131	158	185	203	250	222	214	279	343	203	273	335	363	473	512	176	233	6356
NS.1223.004.NEBNext_dual_i7_F8---NEBNext_dual_i5_F8.11_09_ACC_R2 - Second read: Adapter 2	665749	157785	73591	48102	40261	40338	32257	32819	28527	27106	24593	24603	19042	18733	19470	12332	14774	11751	10422	10102	8855	8262	8058	6577	6108	5707	4439	4846	3239	3749	3863	2949	1798	3008	581	3058	1346	1306	334	1927	540	2036	823	485	438	263	732	77	195	74	265	433	154	255	325	147	151	306	144	67	287	354	128	135	85	53	39	73	32	49	69	89	103	81	36	44	63	67	93	93	130	135	151	176	196	233	211	214	284	346	200	273	335	352	462	505	169	30	1056
NS.1223.004.NEBNext_dual_i7_F9---NEBNext_dual_i5_F9.03_15_vHIP_R2 - First read: Adapter 1	1437008	382209	182472	122225	105244	101851	93843	83707	80006	72092	65865	61611	56533	51721	48231	43642	35700	33871	31088	27224	25699	24142	21399	18538	17996	15501	14215	12556	10481	9851	8800	8291	7285	6542	6015	6077	4445	4545	3847	3577	3307	2928	4480	588	1644	2341	1854	1417	1532	1347	1080	1145	1172	841	736	810	951	410	289	694	352	308	300	630	259	535	206	128	60	133	155	164	141	140	137	179	140	156	163	182	201	239	235	305	256	374	351	338	425	666	346	449	534	622	821	975	383	922	34985
NS.1223.004.NEBNext_dual_i7_F9---NEBNext_dual_i5_F9.03_15_vHIP_R2 - Second read: Adapter 2	1774247	419062	198762	128223	106167	105096	87997	87092	78323	72898	66268	66447	51482	51653	54036	34010	41800	32281	28479	27869	25512	23594	22179	18889	17590	16669	12761	13791	9387	11104	10353	10051	5520	12788	1411	4124	5604	1462	3501	5708	2427	6487	2692	1415	1824	795	2027	381	615	345	994	1390	591	830	1182	559	531	1030	460	274	849	872	420	372	344	164	135	177	98	72	110	127	127	95	54	100	99	127	137	167	186	222	218	291	254	368	345	346	426	659	352	447	526	619	816	955	352	168	5961
NS.1223.004.NEBNext_dual_i7_G1---NEBNext_dual_i5_G1.27_32_vHIP_R2 - First read: Adapter 1	617038	168069	83067	56572	48333	46177	43000	38730	36654	32916	29934	28571	25437	23689	21735	19311	16388	15307	13974	12010	11514	10817	9495	8257	7809	6720	6033	5297	4377	4075	3646	3506	3153	2149	2510	2098	1998	1903	1597	1290	1233	1103	1520	288	699	900	735	482	610	442	387	405	474	277	244	233	356	102	119	286	111	84	150	206	110	236	119	87	22	61	102	116	108	134	106	151	134	155	124	188	178	221	239	273	299	345	335	304	360	555	311	377	388	481	604	707	214	166	5246
NS.1223.004.NEBNext_dual_i7_G1---NEBNext_dual_i5_G1.27_32_vHIP_R2 - Second read: Adapter 2	761775	183298	89619	58743	49570	50560	37305	40875	34962	33303	30603	30032	23652	23311	24463	15166	20359	13619	11983	12230	11382	10962	9760	8287	7308	7058	5454	5532	4172	3897	3745	3200	2904	2786	2395	2215	1847	2032	1438	1573	937	1668	919	613	1423	526	574	435	352	265	429	457	231	308	399	172	183	324	154	160	433	256	183	175	210	133	164	174	97	83	70	80	92	77	55	75	93	107	115	166	170	185	208	248	280	310	327	324	351	529	322	356	381	462	589	685	215	62	1096
NS.1223.004.NEBNext_dual_i7_G2---NEBNext_dual_i5_G2.08_09_dHIP_R2 - First read: Adapter 1	512992	145068	75444	53885	46095	44565	41140	37400	34959	31846	29283	27050	24916	22995	21005	18590	15694	14780	13652	11935	11198	10427	9205	7958	7506	6502	5836	5314	4456	4062	3619	3449	2980	2649	2372	2149	1870	1680	1556	1344	1318	1131	1499	247	680	857	683	560	573	455	355	405	425	300	251	257	334	100	99	277	111	112	113	233	104	242	113	64	26	74	90	105	93	103	118	140	142	135	149	172	209	197	223	244	268	344	302	340	374	559	306	399	448	442	631	675	191	192	4629
NS.1223.004.NEBNext_dual_i7_G2---NEBNext_dual_i5_G2.08_09_dHIP_R2 - Second read: Adapter 2	633787	158875	80446	55863	48087	47392	38470	38952	34249	31936	30234	27874	24248	23273	20235	18418	16749	15324	12828	12179	11086	10250	9735	7909	7402	6600	5529	5181	4714	3929	3777	3323	2905	2788	2402	2060	1920	1670	1509	1468	1072	1354	1074	1059	965	392	1142	209	362	237	393	553	130	310	560	143	93	393	93	98	479	176	65	137	68	84	105	158	77	112	139	123	129	76	80	119	123	115	132	168	189	181	219	229	268	331	307	337	376	557	316	396	439	438	617	664	187	29	860
NS.1223.004.NEBNext_dual_i7_G3---NEBNext_dual_i5_G3.10_35_ACC_R2 - First read: Adapter 1	576629	157107	76164	51343	44863	42894	39746	35134	33660	30679	27612	25774	23537	21548	19970	18038	14964	13920	12735	11167	10356	9613	8490	7588	7031	6012	5515	4919	4200	3721	3461	3287	2746	2394	2331	1992	1982	1323	1384	1246	1231	937	1568	237	546	807	707	452	522	430	348	344	393	275	236	255	391	112	98	322	150	95	129	259	105	263	118	66	26	96	94	131	128	117	141	147	174	183	196	190	222	223	252	292	312	379	328	357	353	630	379	445	510	533	686	802	231	188	5087
NS.1223.004.NEBNext_dual_i7_G3---NEBNext_dual_i5_G3.10_35_ACC_R2 - Second read: Adapter 2	705520	170550	81870	53512	45824	45631	36147	36991	32536	31049	27901	27524	21734	21418	23052	13507	19015	12490	10791	11393	10279	9834	8875	7682	6361	6628	4688	5791	3366	3947	3350	3065	2746	3171	2509	1261	2469	1304	806	1616	798	1233	1065	710	1250	300	988	140	281	119	394	506	107	271	535	159	108	500	104	73	566	235	74	133	65	83	119	189	58	112	120	129	167	73	108	115	155	158	167	174	209	213	223	286	299	373	320	368	358	617	379	430	517	536	674	787	217	27	778
NS.1223.004.NEBNext_dual_i7_G4---NEBNext_dual_i5_G4.04_09_vHIP_R2 - First read: Adapter 1	666400	176210	83705	55759	46891	44953	41810	37638	35730	32274	28573	27332	24205	22563	20553	18207	15424	14163	12959	11301	10635	9640	8742	7456	7025	6041	5471	4802	3956	3715	3287	2976	2710	2391	2028	2028	1769	1477	1418	1312	1200	973	1438	237	592	673	609	518	536	411	330	341	375	255	279	328	221	177	155	236	131	152	91	191	201	290	120	65	54	85	120	121	140	141	159	191	183	204	239	241	278	294	323	337	402	467	431	436	518	813	418	528	678	682	951	1073	292	183	4430
NS.1223.004.NEBNext_dual_i7_G4---NEBNext_dual_i5_G4.04_09_vHIP_R2 - Second read: Adapter 2	828929	195559	91536	58324	48946	50009	36690	39671	34269	32722	29424	28753	22799	22236	23434	14084	18893	13030	11281	11522	10487	9880	8979	7493	6651	6310	4898	5304	3527	3813	3222	2968	2644	2782	1784	2865	1153	1115	1380	1678	762	1946	825	498	1272	223	747	162	224	113	345	522	152	280	515	155	122	420	144	72	502	357	90	148	113	70	111	183	46	79	122	141	158	79	104	157	142	188	226	216	257	263	303	330	391	464	426	438	529	796	442	515	688	669	925	1055	286	56	1001
NS.1223.004.NEBNext_dual_i7_G5---NEBNext_dual_i5_G5.13_09_dHIP_R2 - First read: Adapter 1	810422	211558	101807	66942	57742	55029	50849	45745	43384	38821	35295	33136	29568	27431	25544	22555	18630	17341	16464	13795	13282	12418	11157	9219	8737	7717	6944	6131	5290	4691	4223	3919	3367	3202	2709	2517	2285	2062	1736	1541	1524	1245	1968	253	779	972	851	560	720	568	478	430	576	344	303	318	480	160	143	383	175	134	121	314	153	342	155	95	29	101	117	119	129	139	164	166	173	199	209	246	252	320	323	355	383	463	514	421	573	854	399	609	690	745	1012	1145	329	243	6862
NS.1223.004.NEBNext_dual_i7_G5---NEBNext_dual_i5_G5.13_09_dHIP_R2 - Second read: Adapter 2	996866	234744	110243	70271	58692	57406	47805	47813	42267	39222	36239	34232	28094	27042	27967	18400	22097	16387	14773	14198	13173	12364	11464	9322	8463	8116	6351	6088	5415	4493	4368	3592	3601	3343	2476	2618	2283	1919	1814	1747	1330	2727	1118	946	885	441	1241	126	301	138	482	693	178	371	644	211	160	565	157	137	570	437	106	154	63	117	88	172	87	121	169	187	222	113	79	115	148	168	191	214	230	306	296	345	365	450	500	434	565	842	414	599	664	737	1000	1141	321	58	1463
NS.1223.004.NEBNext_dual_i7_G6---NEBNext_dual_i5_G6.01_15_ACC_R2 - First read: Adapter 1	493593	130497	62976	42306	36009	35143	32088	28885	27588	24825	22420	20885	18775	17265	16290	14734	12157	11395	10431	9282	8671	7902	6939	6140	5739	5099	4530	4101	3288	3222	2790	2515	2341	2143	1917	1710	1490	1443	1189	1085	1014	872	1466	248	376	710	510	369	448	373	313	348	435	221	185	219	305	78	68	300	74	58	97	211	69	186	100	53	21	50	64	79	60	85	75	80	73	86	86	110	110	126	140	160	171	198	196	174	207	391	198	226	291	284	394	451	172	216	7106
NS.1223.004.NEBNext_dual_i7_G6---NEBNext_dual_i5_G6.01_15_ACC_R2 - Second read: Adapter 2	603554	143689	67865	44048	37255	37973	29484	30154	26963	25238	22820	22214	17497	17197	18449	11683	14709	10472	9311	9424	8533	7780	7294	6141	5591	5370	4084	4372	3074	3197	2686	2637	2454	5297	963	735	1075	1444	409	1618	471	1413	897	432	1076	365	440	233	187	151	292	379	154	258	323	161	168	311	135	120	317	241	145	168	157	97	78	89	46	36	46	55	61	73	27	26	42	68	66	91	92	124	124	145	153	193	196	177	197	380	202	218	293	273	389	454	177	62	1808
NS.1223.004.NEBNext_dual_i7_G7---NEBNext_dual_i5_G7.25_31_vHIP_R2 - First read: Adapter 1	658876	178067	85663	58038	49726	47227	44036	39632	37064	33522	30494	28727	25624	24145	21893	19625	16186	15244	14401	12094	11663	10751	9507	8372	7735	6673	6290	5287	4640	4206	4036	3552	2992	2916	2593	2311	2041	1763	1639	1447	1403	1109	1610	271	718	862	773	585	615	498	448	373	421	327	272	284	341	147	144	311	152	111	142	239	137	256	97	72	33	63	104	100	99	96	125	126	126	148	139	160	182	206	221	227	253	279	301	291	333	509	274	360	381	453	605	675	205	284	8833
NS.1223.004.NEBNext_dual_i7_G7---NEBNext_dual_i5_G7.25_31_vHIP_R2 - Second read: Adapter 2	816738	194875	92979	60999	51462	50762	41162	41201	36366	34115	31143	30648	23834	24133	23606	16740	17726	15897	13187	12312	11565	10522	10136	8178	7752	7032	5630	5388	4685	4140	4118	3558	3316	3269	2160	2162	3077	1037	1428	1515	1142	1598	1318	924	962	318	1216	148	299	172	455	549	133	342	560	164	108	508	123	109	497	315	85	152	88	72	84	167	46	92	114	125	119	79	65	88	106	139	131	152	161	193	225	218	234	279	300	292	337	497	267	355	373	459	589	675	200	45	1769
NS.1223.004.NEBNext_dual_i7_G8---NEBNext_dual_i5_G8.11_09_dHIP_R2 - First read: Adapter 1	592104	158421	74758	50388	42541	40819	38406	34452	32745	29136	26321	25269	22472	21088	19280	17005	14448	13273	12277	10456	9968	9388	8342	7066	6834	5933	5361	4662	3881	3584	3313	3028	2576	2399	2126	1941	1714	1552	1334	1234	1195	1028	1360	233	553	769	597	432	514	379	368	329	383	258	228	247	297	126	103	255	93	110	101	215	95	223	102	60	27	68	81	76	97	105	100	119	117	134	133	146	185	202	226	227	269	285	282	283	399	520	253	376	419	437	632	680	200	222	7451
NS.1223.004.NEBNext_dual_i7_G8---NEBNext_dual_i5_G8.11_09_dHIP_R2 - Second read: Adapter 2	718165	171733	79832	52446	43615	44189	34507	35610	32160	29579	27013	26375	21032	20868	21229	13651	17369	12341	10873	10665	9850	9538	8615	7041	6485	6229	4862	5047	3557	3702	3103	2986	2606	2559	2052	1965	1837	1329	1362	1465	906	1221	962	781	1067	315	848	183	321	161	416	450	130	314	453	123	105	424	67	111	427	203	63	107	55	81	91	149	58	85	110	101	110	59	69	104	102	127	114	152	182	175	213	227	262	273	286	304	387	508	275	366	410	425	621	674	192	49	1194
NS.1223.004.NEBNext_dual_i7_G9---NEBNext_dual_i5_G9.03_32_ACC_R2 - First read: Adapter 1	576897	157569	77219	53633	45366	43609	40705	36309	34452	31109	28294	26233	23805	21723	20254	18201	15015	14112	12985	11292	10642	9830	8487	7527	6932	6171	5753	4818	4102	3663	3425	3148	2854	2483	2134	2012	1687	1603	1390	1256	1121	954	1350	252	749	1478	376	170	839	305	141	501	600	129	100	85	303	26	50	427	50	47	115	288	39	151	114	113	13	48	73	113	123	119	121	183	160	156	200	197	242	232	284	292	327	447	392	378	459	701	359	445	597	606	737	960	268	186	5820
NS.1223.004.NEBNext_dual_i7_G9---NEBNext_dual_i5_G9.03_32_ACC_R2 - Second read: Adapter 2	709915	171062	82629	55536	47082	46307	38100	38021	33458	31342	28991	27816	22487	21421	23087	14158	18801	12815	11167	11541	10544	9619	9081	7460	6640	6336	5490	4554	4455	3902	3398	3216	2564	3748	1285	1621	2916	812	947	1643	533	1349	732	521	1260	475	551	457	298	269	375	388	208	273	354	177	158	302	152	129	567	265	150	211	233	157	166	196	117	91	97	82	79	96	68	107	111	115	149	177	198	201	251	259	296	405	374	389	451	680	372	424	575	588	708	915	270	74	1040
NS.1223.004.NEBNext_dual_i7_H1---NEBNext_dual_i5_H1.17_32_ACC_R2 - First read: Adapter 1	984907	258060	121277	80715	67683	65119	60696	55400	52826	47761	43391	40839	37461	34200	31909	28298	24363	22426	20825	18185	17533	16388	14762	12820	12252	10657	9650	8594	7402	6819	6373	5791	5022	4686	4434	3835	3655	3167	2671	2424	2682	2166	3365	559	985	1990	1280	866	1342	897	680	837	1043	573	452	463	812	133	193	606	197	131	232	395	123	278	186	101	25	75	98	84	107	75	84	89	84	81	80	76	103	121	112	140	153	208	204	190	225	344	168	220	257	313	435	489	193	453	15737
NS.1223.004.NEBNext_dual_i7_H1---NEBNext_dual_i5_H1.17_32_ACC_R2 - Second read: Adapter 2	1202460	284344	130479	84286	70214	68664	58091	57698	51851	47895	44532	41602	36562	34737	31263	27348	25755	22970	19980	18604	17260	16060	15152	12904	12472	10753	9166	8295	7913	6797	6119	5720	5364	4823	4347	4187	3758	2448	3025	3172	1843	5345	2037	915	1785	584	1641	250	463	195	686	1041	345	587	916	422	335	796	332	157	644	622	253	251	148	105	82	114	67	74	76	87	86	61	41	49	66	58	72	68	99	116	107	127	157	189	196	190	225	334	174	205	258	317	423	488	210	104	4180
NS.1223.004.NEBNext_dual_i7_H2---NEBNext_dual_i5_H2.08_09_vHIP_R2 - First read: Adapter 1	833486	220011	100836	65982	56100	53904	50747	46006	43185	39725	35601	34107	30913	28480	26522	23528	20178	18929	17541	15183	14667	13773	12200	10804	10225	8884	8327	7211	6329	5766	5286	4855	4369	3850	3794	3293	2818	2770	2423	2377	1960	1895	2649	471	1366	3371	1412	413	1791	628	353	490	1129	389	116	121	224	72	106	487	128	110	128	337	36	44	82	62	22	20	36	44	58	73	52	49	62	64	69	79	86	100	93	112	93	134	157	128	149	222	113	174	165	187	304	286	160	586	17779
NS.1223.004.NEBNext_dual_i7_H2---NEBNext_dual_i5_H2.08_09_vHIP_R2 - Second read: Adapter 2	1015881	237475	108842	69101	57158	57903	46030	48169	41966	40288	36547	35529	28994	28585	25943	22749	21078	19387	17143	15432	14523	13701	12876	10744	10089	9742	7184	8443	5064	6154	4908	5411	6315	2252	4101	2553	2475	2378	2452	2677	1568	1818	1921	1718	1910	715	1785	502	699	486	737	947	267	613	1012	274	189	731	150	180	756	205	114	173	93	108	155	192	84	82	117	58	67	47	38	34	48	62	66	78	81	96	85	108	96	126	155	133	144	223	118	171	166	187	306	288	155	120	5200
NS.1223.004.NEBNext_dual_i7_H3---NEBNext_dual_i5_H3.10_35_dHIP_R2 - First read: Adapter 1	839078	224104	107867	72442	62915	61292	55727	50754	48053	44114	39398	38495	34034	31508	29634	26279	22307	21050	19872	17402	17816	13626	13809	11734	11353	9948	9139	8341	6920	6351	6204	5553	4932	4436	4059	3750	3358	2968	2564	2429	2510	1739	2415	1003	1601	3532	2605	444	1443	746	567	223	1337	635	228	215	225	96	95	434	198	125	95	368	52	36	71	74	20	20	34	43	61	57	46	76	60	67	81	57	76	89	103	103	121	172	147	168	213	253	151	179	235	245	350	371	160	426	14755
NS.1223.004.NEBNext_dual_i7_H3---NEBNext_dual_i5_H3.10_35_dHIP_R2 - Second read: Adapter 2	1023853	243742	115999	75708	64200	63289	52607	52588	47257	44618	40315	40662	31713	31003	34399	19796	28352	18795	16745	17597	16089	15671	14205	12071	10376	10911	7897	9283	6014	6793	5779	5374	5411	4225	3768	4439	3102	2429	2622	2716	1885	2808	2066	1488	2521	568	2267	296	602	320	796	1170	254	609	1124	315	178	947	196	139	917	400	108	185	71	141	126	193	68	85	91	64	59	35	42	68	50	59	75	56	75	84	98	95	112	174	147	174	208	253	157	179	232	252	337	373	180	133	5197
NS.1223.004.NEBNext_dual_i7_H4---NEBNext_dual_i5_H4.08_31_ACC_R2 - First read: Adapter 1	656430	170042	77299	50343	42545	41213	38407	34585	32519	29388	26504	25237	22707	21356	19315	17591	14694	13778	12749	11109	10659	9609	8696	7465	7205	6209	5652	5087	4325	4071	3634	3293	3175	2548	2374	2246	1889	1965	1638	1489	1392	1144	1661	286	774	996	791	510	628	481	450	455	503	326	327	267	400	130	102	326	117	90	139	252	108	212	132	67	29	49	77	80	85	69	89	74	80	81	100	85	129	169	165	160	185	226	259	206	290	377	218	309	318	391	473	505	184	332	8767
NS.1223.004.NEBNext_dual_i7_H4---NEBNext_dual_i5_H4.08_31_ACC_R2 - Second read: Adapter 2	797733	185238	83823	52517	43984	44123	35638	36310	31749	29736	27267	26835	21276	20987	22525	13384	18413	12561	10985	11253	10472	9768	9081	7440	6814	6669	5033	5397	4040	4068	3650	3480	2933	2610	2433	2128	2511	1305	1606	2194	692	2212	1068	605	1445	293	983	168	274	140	473	628	138	355	600	170	156	473	145	79	423	346	102	133	107	70	96	154	35	66	66	74	72	61	61	60	64	75	105	89	122	154	152	149	186	219	253	210	294	369	226	295	320	389	456	507	182	80	2440
NS.1223.004.NEBNext_dual_i7_H5---NEBNext_dual_i5_H5.13_09_vHIP_R2 - First read: Adapter 1	693826	194442	99442	70882	60720	59270	55282	49821	47316	43159	39874	37359	34702	31777	29711	26682	22501	21447	19698	17050	17017	14814	13913	11662	11474	10308	9038	8488	6925	6793	5876	5423	4994	4678	4557	6025	1041	3079	2717	2515	2386	2242	3874	692	499	2156	1123	812	1421	911	608	991	1288	564	436	424	826	111	169	725	151	112	232	467	104	339	223	136	29	70	97	82	76	91	90	76	94	85	101	113	129	144	152	161	195	202	222	232	266	393	236	300	329	335	477	524	181	533	16701
NS.1223.004.NEBNext_dual_i7_H5---NEBNext_dual_i5_H5.13_09_vHIP_R2 - Second read: Adapter 2	834400	209971	105527	73050	61544	61251	52254	51665	46193	43427	40604	39335	32542	31819	33086	21204	27047	19741	17634	17229	16111	15435	13970	12115	11317	10305	8755	8242	7331	6407	5918	5576	5059	4550	4361	3948	3762	2656	2697	2959	2155	5078	1729	922	2309	569	1398	356	459	317	845	1068	381	652	986	418	366	863	342	198	723	635	211	262	235	119	106	159	57	69	81	72	57	55	39	51	77	72	83	108	118	136	133	153	194	195	215	235	275	389	237	285	327	343	467	519	194	119	4165
NS.1223.004.NEBNext_dual_i7_H6---NEBNext_dual_i5_H6.01_15_dHIP_R2 - First read: Adapter 1	590133	156032	72423	47968	41008	39527	36882	33313	31216	28572	25805	24483	22164	20428	18930	16833	14485	13478	12515	10698	10381	9824	8721	7584	7241	6332	5764	5186	4323	4088	3670	3385	3121	2741	2481	2227	2120	1743	1626	1510	1390	1197	1784	281	993	2440	617	205	1299	383	158	535	787	169	83	98	217	31	66	368	75	58	79	250	23	68	82	53	13	18	42	53	57	57	43	47	70	51	75	65	76	96	84	93	112	158	135	149	156	199	134	158	209	206	298	322	140	330	13071
NS.1223.004.NEBNext_dual_i7_H6---NEBNext_dual_i5_H6.01_15_dHIP_R2 - Second read: Adapter 2	727383	171054	78539	50148	42828	44624	31531	35519	29581	29121	26393	26122	20612	19979	22019	12574	18527	11956	10389	10928	10330	10195	9030	7637	6471	7117	4813	6320	3138	4703	3345	3227	6331	1687	1190	2783	798	1441	1577	2223	925	2818	1243	517	989	339	814	240	325	205	423	586	244	356	436	248	238	376	203	127	369	262	130	178	168	102	107	91	53	22	31	43	38	27	29	24	50	36	59	61	68	81	80	87	109	157	124	149	160	198	134	152	206	203	296	316	139	104	3524
NS.1223.004.NEBNext_dual_i7_H7---NEBNext_dual_i5_H7.05_13_ACC_R2 - First read: Adapter 1	722561	195144	95589	65812	56103	53642	50692	45502	42754	39129	35349	33157	30374	27611	25776	23228	19402	18354	16788	14766	13927	12886	11648	10210	9517	8293	7551	6846	5797	5424	4802	4448	4209	3725	3260	2812	2778	2324	2238	1954	1964	1565	2334	403	1093	2555	588	322	1541	550	221	693	1154	222	175	168	460	37	101	581	62	67	151	389	50	135	116	79	16	41	68	72	81	65	82	72	102	87	88	133	117	137	178	156	199	247	241	228	275	410	233	259	337	337	448	546	237	477	16052
NS.1223.004.NEBNext_dual_i7_H7---NEBNext_dual_i5_H7.05_13_ACC_R2 - Second read: Adapter 2	891340	213665	103006	68231	58296	58998	45578	48216	40929	39857	35945	35790	27948	27213	30261	17206	23951	17362	14123	15078	13751	13121	11870	10425	8871	9108	6431	7678	4939	5795	4920	4261	3673	3650	4301	1991	3273	2465	1548	2266	1429	2251	1361	806	2140	806	847	785	577	446	617	672	331	444	644	304	265	451	256	197	560	286	169	215	192	136	167	189	73	68	60	65	45	46	51	56	79	62	76	109	115	134	160	144	183	235	221	240	273	391	242	247	325	343	432	534	271	208	5013
NS.1223.004.NEBNext_dual_i7_H8---NEBNext_dual_i5_H8.11_09_vHIP_R2 - First read: Adapter 1	1010407	261335	119498	78248	65888	64656	58974	54629	50693	46123	42458	39352	35669	33021	30904	27392	23298	21729	20547	17818	16834	15638	14016	11908	11710	10219	9426	8113	6666	6539	5853	5458	4888	4367	4197	3661	3403	2993	2820	2332	2386	2049	3015	500	1143	1881	1228	740	1175	862	574	781	986	538	422	436	711	162	164	596	168	112	204	367	147	281	166	69	21	65	83	80	66	52	59	56	71	68	63	84	85	96	116	130	116	131	142	107	175	231	155	150	191	225	278	317	152	577	19237
NS.1223.004.NEBNext_dual_i7_H8---NEBNext_dual_i5_H8.11_09_vHIP_R2 - Second read: Adapter 2	1216837	284782	129309	81988	67577	68905	53508	57631	48575	46905	42531	42012	33231	32605	32896	23434	24769	22058	19478	18152	16583	15473	14678	11999	11354	11205	8033	9034	5838	7122	5479	7844	3344	4823	3063	3345	4339	1989	2800	2853	1620	2273	2090	2025	1474	878	2017	388	647	402	728	976	291	566	1044	315	215	802	194	237	639	282	116	186	97	134	121	201	74	93	104	86	67	42	29	42	64	58	69	76	81	92	115	122	119	130	136	106	175	227	157	151	186	233	277	321	156	141	5867
NS.1223.004.NEBNext_dual_i7_H9---NEBNext_dual_i5_H9.03_32_dHIP_R2 - First read: Adapter 1	748410	187851	82312	50421	42224	41256	38925	35038	33007	30124	27269	25489	23186	20834	20063	18129	14466	14078	12692	11230	10526	10077	8999	7990	7413	6579	5944	5097	4372	4111	3661	3605	3179	2949	2505	2285	2122	1741	1757	1549	1456	1167	1757	244	769	845	753	666	654	573	469	447	469	330	346	345	318	216	167	280	173	146	102	226	152	265	84	57	26	68	83	62	69	70	59	63	71	69	94	83	106	126	125	140	174	163	176	146	188	254	139	189	272	275	384	398	167	510	21181
NS.1223.004.NEBNext_dual_i7_H9---NEBNext_dual_i5_H9.03_32_dHIP_R2 - Second read: Adapter 2	913024	205636	89551	53670	43823	43878	36717	36350	32447	30370	27948	26834	21918	20933	22577	14290	17847	13120	11257	11364	10459	10000	9284	7846	7435	6702	5505	5067	4518	3930	3725	3909	3309	2742	2639	2108	1909	1752	1777	2347	795	2692	1031	741	774	363	1095	144	290	145	431	623	192	353	572	218	170	509	157	109	369	401	122	119	92	74	49	99	51	51	91	57	77	54	30	56	56	51	84	74	107	112	119	129	168	154	177	150	189	255	146	183	262	278	371	400	153	107	2798
