	2.0	3.0	4.0	5.0	6.0	7.0	8.0	9.0	10.0	11.0	12.0	13.0	14.0	15.0	16.0	17.0	18.0	19.0	20.0	21.0	22.0	23.0	24.0	25.0	26.0	27.0	28.0	29.0	30.0	31.0	32.0	33.0	34.0	35.0	36.0	37.0
1223_4_i1	3155.0	3335.0	6610.0	133.0	71176.0	3649.0	730.0	8617.0	52904.0	261976.0	565720.0	12768.0	1716125.0	38636.0	2724097.0	4474836.0	253805.0	5964457.0	2583948.0	4899799.0	7200823.0	263568.0	7342819.0	3710394.0	2401865.0	5248232.0	91790.0	4629619.0	4586307.0	728893.0	6882707.0	7532139.0	5252037.0	19653535.0	0.0	121661481.0
	2.0	3.0	4.0	5.0	6.0	7.0	8.0	9.0	10.0	11.0	12.0	13.0	14.0	15.0	16.0	17.0	18.0	19.0	20.0	21.0	22.0	23.0	24.0	25.0	26.0	27.0	28.0	29.0	30.0	31.0	32.0	33.0	34.0	35.0	36.0	37.0
1223_4_i2	122.0	4216.0	6862.0	114.0	74259.0	5042.0	948.0	9583.0	49316.0	91783.0	244963.0	15213.0	839240.0	47635.0	1672199.0	3085795.0	232696.0	4775617.0	2194223.0	4224393.0	6683197.0	329112.0	7093141.0	3999705.0	2343360.0	5722422.0	244623.0	5355548.0	5991717.0	614195.0	10022582.0	12615996.0	9650312.0	40602382.0	0.0	91990174.0
	14.0	15.0	16.0	17.0	18.0	19.0	20.0	21.0	22.0	23.0	24.0	25.0	26.0	27.0	28.0	29.0	30.0	31.0	32.0	33.0	34.0	35.0	36.0	37.0
NS.1223.004.NEBNext_dual_i7_A1---NEBNext_dual_i5_A1.03_32_vHIP_R1	1.0	8.0	35.0	88.0	277.0	615.0	1330.0	3037.0	7237.0	18039.0	38995.0	76697.0	129811.0	210822.0	314579.0	457781.0	605245.0	798996.0	989699.0	1302759.0	1787216.0	3450764.0	27184379.0	10403294.0
	7.0	8.0	9.0	10.0	11.0	12.0	13.0	14.0	15.0	16.0	17.0	18.0	19.0	20.0	21.0	22.0	23.0	24.0	25.0	26.0	27.0	28.0	29.0	30.0	31.0	32.0	33.0	34.0	35.0	36.0	37.0
NS.1223.004.NEBNext_dual_i7_A1---NEBNext_dual_i5_A1.03_32_vHIP_R2	1.0	2.0	4.0	9.0	23.0	183.0	1067.0	1963.0	2327.0	2821.0	3967.0	6133.0	9743.0	16169.0	28017.0	45623.0	73392.0	102651.0	135314.0	163368.0	206141.0	254695.0	333760.0	423440.0	572426.0	758925.0	1113291.0	1789043.0	4569602.0	28656884.0	8510720.0
	15.0	16.0	17.0	18.0	19.0	20.0	21.0	22.0	23.0	24.0	25.0	26.0	27.0	28.0	29.0	30.0	31.0	32.0	33.0	34.0	35.0	36.0	37.0
NS.1223.004.NEBNext_dual_i7_A2---NEBNext_dual_i5_A2.17_32_dHIP_R1	4.0	18.0	106.0	305.0	675.0	1285.0	2954.0	6305.0	14894.0	31992.0	66161.0	118709.0	206050.0	323942.0	487127.0	655110.0	875944.0	1094464.0	1431302.0	1949852.0	3721870.0	29908915.0	12045919.0
	5.0	6.0	7.0	8.0	9.0	10.0	11.0	12.0	13.0	14.0	15.0	16.0	17.0	18.0	19.0	20.0	21.0	22.0	23.0	24.0	25.0	26.0	27.0	28.0	29.0	30.0	31.0	32.0	33.0	34.0	35.0	36.0	37.0
NS.1223.004.NEBNext_dual_i7_A2---NEBNext_dual_i5_A2.17_32_dHIP_R2	1.0	1.0	0.0	8.0	9.0	8.0	29.0	199.0	1299.0	2495.0	2949.0	3518.0	4939.0	7308.0	11592.0	18103.0	30752.0	48603.0	75439.0	104471.0	139949.0	174128.0	224417.0	285297.0	378868.0	482290.0	651964.0	861477.0	1250145.0	1979805.0	4921632.0	31426572.0	9855636.0
	15.0	16.0	17.0	18.0	19.0	20.0	21.0	22.0	23.0	24.0	25.0	26.0	27.0	28.0	29.0	30.0	31.0	32.0	33.0	34.0	35.0	36.0	37.0
NS.1223.004.NEBNext_dual_i7_A3---NEBNext_dual_i5_A3.07_26_ACC_R1	3.0	23.0	116.0	300.0	716.0	1432.0	3049.0	6711.0	15872.0	33622.0	67631.0	118429.0	198936.0	306986.0	456437.0	609428.0	811428.0	1008649.0	1333570.0	1823265.0	3475491.0	27258432.0	10997732.0
	6.0	7.0	8.0	9.0	10.0	11.0	12.0	13.0	14.0	15.0	16.0	17.0	18.0	19.0	20.0	21.0	22.0	23.0	24.0	25.0	26.0	27.0	28.0	29.0	30.0	31.0	32.0	33.0	34.0	35.0	36.0	37.0
NS.1223.004.NEBNext_dual_i7_A3---NEBNext_dual_i5_A3.07_26_ACC_R2	1.0	2.0	4.0	4.0	9.0	25.0	261.0	1549.0	2991.0	3508.0	4154.0	5557.0	8028.0	12530.0	19744.0	31484.0	47334.0	70035.0	93704.0	121378.0	146438.0	185542.0	234902.0	308818.0	394522.0	537145.0	716850.0	1057977.0	1700634.0	4273476.0	29290245.0	9259407.0
	14.0	15.0	16.0	17.0	18.0	19.0	20.0	21.0	22.0	23.0	24.0	25.0	26.0	27.0	28.0	29.0	30.0	31.0	32.0	33.0	34.0	35.0	36.0	37.0
NS.1223.004.NEBNext_dual_i7_A4---NEBNext_dual_i5_A4.10_35_vHIP_R1	1.0	6.0	22.0	86.0	309.0	634.0	1300.0	2863.0	6599.0	15128.0	32741.0	66133.0	115801.0	195611.0	298504.0	446500.0	597679.0	796945.0	993396.0	1315959.0	1802570.0	3457577.0	26891787.0	10403069.0
	6.0	7.0	8.0	9.0	10.0	11.0	12.0	13.0	14.0	15.0	16.0	17.0	18.0	19.0	20.0	21.0	22.0	23.0	24.0	25.0	26.0	27.0	28.0	29.0	30.0	31.0	32.0	33.0	34.0	35.0	36.0	37.0
NS.1223.004.NEBNext_dual_i7_A4---NEBNext_dual_i5_A4.10_35_vHIP_R2	1.0	2.0	3.0	10.0	11.0	32.0	185.0	1357.0	3024.0	3914.0	4481.0	6021.0	8696.0	13456.0	20963.0	34182.0	51467.0	78455.0	105425.0	139265.0	168271.0	213907.0	268103.0	353038.0	448785.0	600315.0	790984.0	1151154.0	1829130.0	4560335.0	28537545.0	8048703.0
	14.0	15.0	16.0	17.0	18.0	19.0	20.0	21.0	22.0	23.0	24.0	25.0	26.0	27.0	28.0	29.0	30.0	31.0	32.0	33.0	34.0	35.0	36.0	37.0
NS.1223.004.NEBNext_dual_i7_A5---NEBNext_dual_i5_A5.08_31_dHIP_R1	1.0	6.0	15.0	116.0	300.0	637.0	1283.0	2733.0	5855.0	12992.0	26683.0	54445.0	96842.0	168511.0	264536.0	403398.0	550608.0	740129.0	925326.0	1225575.0	1690785.0	3315725.0	25869145.0	9597215.0
	7.0	8.0	9.0	10.0	11.0	12.0	13.0	14.0	15.0	16.0	17.0	18.0	19.0	20.0	21.0	22.0	23.0	24.0	25.0	26.0	27.0	28.0	29.0	30.0	31.0	32.0	33.0	34.0	35.0	36.0	37.0
NS.1223.004.NEBNext_dual_i7_A5---NEBNext_dual_i5_A5.08_31_dHIP_R2	3.0	3.0	6.0	13.0	40.0	299.0	1838.0	3298.0	4004.0	4659.0	6207.0	8683.0	13368.0	20762.0	34337.0	52691.0	80891.0	110719.0	146815.0	179572.0	231528.0	291188.0	381856.0	479278.0	640238.0	838007.0	1221737.0	1971687.0	5068809.0	26779182.0	6381143.0
	14.0	15.0	16.0	17.0	18.0	19.0	20.0	21.0	22.0	23.0	24.0	25.0	26.0	27.0	28.0	29.0	30.0	31.0	32.0	33.0	34.0	35.0	36.0	37.0
NS.1223.004.NEBNext_dual_i7_A6---NEBNext_dual_i5_A6.24_32_ACC_R1	1.0	8.0	34.0	118.0	427.0	934.0	1896.0	4180.0	9651.0	23106.0	49060.0	98293.0	167547.0	274047.0	410564.0	605747.0	807734.0	1080935.0	1334784.0	1746784.0	2399131.0	4731556.0	37219452.0	13639206.0
	5.0	6.0	7.0	8.0	9.0	10.0	11.0	12.0	13.0	14.0	15.0	16.0	17.0	18.0	19.0	20.0	21.0	22.0	23.0	24.0	25.0	26.0	27.0	28.0	29.0	30.0	31.0	32.0	33.0	34.0	35.0	36.0	37.0
NS.1223.004.NEBNext_dual_i7_A6---NEBNext_dual_i5_A6.24_32_ACC_R2	2.0	1.0	1.0	6.0	8.0	12.0	34.0	393.0	2892.0	5853.0	6864.0	7656.0	9865.0	13124.0	19887.0	30374.0	49321.0	76791.0	116660.0	158075.0	204946.0	245447.0	307274.0	381838.0	494716.0	622376.0	831584.0	1097378.0	1602179.0	2593441.0	6626244.0	38524963.0	10574990.0
	14.0	15.0	16.0	17.0	18.0	19.0	20.0	21.0	22.0	23.0	24.0	25.0	26.0	27.0	28.0	29.0	30.0	31.0	32.0	33.0	34.0	35.0	36.0	37.0
NS.1223.004.NEBNext_dual_i7_A7---NEBNext_dual_i5_A7.01_15_vHIP_R1	3.0	5.0	29.0	124.0	374.0	818.0	1671.0	3576.0	8214.0	19610.0	42159.0	84641.0	145158.0	240246.0	361598.0	530853.0	711494.0	946479.0	1162295.0	1527893.0	2087258.0	3971033.0	31938032.0	13480676.0
	7.0	8.0	9.0	10.0	11.0	12.0	13.0	14.0	15.0	16.0	17.0	18.0	19.0	20.0	21.0	22.0	23.0	24.0	25.0	26.0	27.0	28.0	29.0	30.0	31.0	32.0	33.0	34.0	35.0	36.0	37.0
NS.1223.004.NEBNext_dual_i7_A7---NEBNext_dual_i5_A7.01_15_vHIP_R2	3.0	3.0	4.0	11.0	19.0	190.0	1137.0	2085.0	2652.0	3462.0	5097.0	7637.0	12258.0	20256.0	35548.0	58615.0	94661.0	132577.0	177325.0	215777.0	273870.0	341589.0	446452.0	560194.0	745201.0	977124.0	1414097.0	2263962.0	5785463.0	34466018.0	9220952.0
	14.0	15.0	16.0	17.0	18.0	19.0	20.0	21.0	22.0	23.0	24.0	25.0	26.0	27.0	28.0	29.0	30.0	31.0	32.0	33.0	34.0	35.0	36.0	37.0
NS.1223.004.NEBNext_dual_i7_A8---NEBNext_dual_i5_A8.05_13_dHIP_R1	3.0	8.0	32.0	124.0	415.0	910.0	1791.0	3606.0	7449.0	16391.0	33553.0	68242.0	123422.0	220928.0	358524.0	559509.0	776647.0	1069664.0	1362550.0	1826215.0	2530650.0	4952632.0	38466252.0	14680221.0
	5.0	6.0	7.0	8.0	9.0	10.0	11.0	12.0	13.0	14.0	15.0	16.0	17.0	18.0	19.0	20.0	21.0	22.0	23.0	24.0	25.0	26.0	27.0	28.0	29.0	30.0	31.0	32.0	33.0	34.0	35.0	36.0	37.0
NS.1223.004.NEBNext_dual_i7_A8---NEBNext_dual_i5_A8.05_13_dHIP_R2	1.0	3.0	0.0	5.0	7.0	18.0	40.0	236.0	1676.0	3496.0	4409.0	5390.0	7702.0	11428.0	17673.0	27733.0	44789.0	67296.0	100750.0	137206.0	182431.0	226825.0	295332.0	377391.0	500857.0	635432.0	858015.0	1135011.0	1655946.0	2655005.0	6719562.0	40328990.0	11059083.0
	14.0	15.0	16.0	17.0	18.0	19.0	20.0	21.0	22.0	23.0	24.0	25.0	26.0	27.0	28.0	29.0	30.0	31.0	32.0	33.0	34.0	35.0	36.0	37.0
NS.1223.004.NEBNext_dual_i7_A9---NEBNext_dual_i5_A9.01_09_ACC_R1	2.0	6.0	26.0	142.0	330.0	814.0	1717.0	3735.0	8021.0	18470.0	39389.0	79275.0	138001.0	233450.0	357481.0	531096.0	712120.0	953909.0	1180861.0	1545574.0	2110206.0	4029515.0	31465970.0	12669370.0
	6.0	7.0	8.0	9.0	10.0	11.0	12.0	13.0	14.0	15.0	16.0	17.0	18.0	19.0	20.0	21.0	22.0	23.0	24.0	25.0	26.0	27.0	28.0	29.0	30.0	31.0	32.0	33.0	34.0	35.0	36.0	37.0
NS.1223.004.NEBNext_dual_i7_A9---NEBNext_dual_i5_A9.01_09_ACC_R2	2.0	2.0	3.0	5.0	14.0	49.0	350.0	2056.0	4108.0	4907.0	5635.0	7615.0	10974.0	16787.0	26136.0	42585.0	64387.0	97320.0	132663.0	174147.0	209577.0	266564.0	332230.0	434434.0	550526.0	735626.0	967783.0	1408672.0	2258070.0	5708966.0	33312647.0	9304640.0
	15.0	16.0	17.0	18.0	19.0	20.0	21.0	22.0	23.0	24.0	25.0	26.0	27.0	28.0	29.0	30.0	31.0	32.0	33.0	34.0	35.0	36.0	37.0
NS.1223.004.NEBNext_dual_i7_B1---NEBNext_dual_i5_B1.16_38_ACC_R1	1.0	16.0	83.0	208.0	523.0	1033.0	2212.0	4661.0	10923.0	23637.0	47938.0	84703.0	144399.0	222544.0	333262.0	451853.0	595083.0	729823.0	957459.0	1308103.0	2522580.0	20324523.0	8070934.0
	6.0	7.0	8.0	9.0	10.0	11.0	12.0	13.0	14.0	15.0	16.0	17.0	18.0	19.0	20.0	21.0	22.0	23.0	24.0	25.0	26.0	27.0	28.0	29.0	30.0	31.0	32.0	33.0	34.0	35.0	36.0	37.0
NS.1223.004.NEBNext_dual_i7_B1---NEBNext_dual_i5_B1.16_38_ACC_R2	3.0	3.0	4.0	3.0	9.0	20.0	268.0	1024.0	1631.0	1888.0	2378.0	3680.0	5515.0	8656.0	14077.0	23735.0	36914.0	57346.0	80243.0	107658.0	131705.0	168005.0	211818.0	277522.0	350600.0	469428.0	616087.0	895530.0	1435445.0	3648348.0	21398827.0	5888131.0
	14.0	15.0	16.0	17.0	18.0	19.0	20.0	21.0	22.0	23.0	24.0	25.0	26.0	27.0	28.0	29.0	30.0	31.0	32.0	33.0	34.0	35.0	36.0	37.0
NS.1223.004.NEBNext_dual_i7_B2---NEBNext_dual_i5_B2.17_32_vHIP_R1	1.0	10.0	27.0	109.0	325.0	792.0	1471.0	3429.0	7882.0	18572.0	39569.0	79613.0	137359.0	229114.0	346860.0	513811.0	685580.0	916369.0	1132145.0	1490044.0	2046237.0	3974949.0	30499763.0	11448911.0
	5.0	6.0	7.0	8.0	9.0	10.0	11.0	12.0	13.0	14.0	15.0	16.0	17.0	18.0	19.0	20.0	21.0	22.0	23.0	24.0	25.0	26.0	27.0	28.0	29.0	30.0	31.0	32.0	33.0	34.0	35.0	36.0	37.0
NS.1223.004.NEBNext_dual_i7_B2---NEBNext_dual_i5_B2.17_32_vHIP_R2	3.0	0.0	1.0	1.0	5.0	11.0	35.0	265.0	1638.0	3314.0	3963.0	4623.0	6227.0	9000.0	14222.0	22630.0	37155.0	57702.0	88243.0	119496.0	156373.0	188381.0	237499.0	296788.0	389990.0	493281.0	665342.0	878261.0	1277132.0	2036856.0	5084161.0	31759546.0	9740798.0
	14.0	15.0	16.0	17.0	18.0	19.0	20.0	21.0	22.0	23.0	24.0	25.0	26.0	27.0	28.0	29.0	30.0	31.0	32.0	33.0	34.0	35.0	36.0	37.0
NS.1223.004.NEBNext_dual_i7_B3---NEBNext_dual_i5_B3.07_26_dHIP_R1	1.0	5.0	27.0	108.0	312.0	753.0	1579.0	3504.0	7978.0	18682.0	39341.0	79418.0	136140.0	227765.0	346051.0	513614.0	687217.0	914933.0	1132316.0	1494958.0	2054515.0	3930732.0	30763485.0	12226125.0
	6.0	7.0	8.0	9.0	10.0	11.0	12.0	13.0	14.0	15.0	16.0	17.0	18.0	19.0	20.0	21.0	22.0	23.0	24.0	25.0	26.0	27.0	28.0	29.0	30.0	31.0	32.0	33.0	34.0	35.0	36.0	37.0
NS.1223.004.NEBNext_dual_i7_B3---NEBNext_dual_i5_B3.07_26_dHIP_R2	1.0	1.0	2.0	5.0	10.0	38.0	484.0	2853.0	5174.0	5691.0	6416.0	7859.0	10859.0	16488.0	25487.0	41520.0	63497.0	96525.0	130786.0	170287.0	207320.0	263319.0	326831.0	423445.0	530853.0	711259.0	935876.0	1364952.0	2183541.0	5609323.0	32627234.0	8811623.0
	14.0	15.0	16.0	17.0	18.0	19.0	20.0	21.0	22.0	23.0	24.0	25.0	26.0	27.0	28.0	29.0	30.0	31.0	32.0	33.0	34.0	35.0	36.0	37.0
NS.1223.004.NEBNext_dual_i7_B4---NEBNext_dual_i5_B4.23_38_ACC_R1	1.0	2.0	28.0	93.0	256.0	626.0	1128.0	2374.0	5013.0	11246.0	23900.0	49199.0	88297.0	153973.0	242982.0	365717.0	496783.0	665904.0	833456.0	1100264.0	1523157.0	3024746.0	22941627.0	8120395.0
	7.0	8.0	9.0	10.0	11.0	12.0	13.0	14.0	15.0	16.0	17.0	18.0	19.0	20.0	21.0	22.0	23.0	24.0	25.0	26.0	27.0	28.0	29.0	30.0	31.0	32.0	33.0	34.0	35.0	36.0	37.0
NS.1223.004.NEBNext_dual_i7_B4---NEBNext_dual_i5_B4.23_38_ACC_R2	2.0	3.0	1.0	4.0	16.0	201.0	1169.0	2293.0	2842.0	3329.0	4557.0	6559.0	10191.0	15993.0	25552.0	38657.0	58294.0	79088.0	103775.0	127152.0	164222.0	208269.0	277087.0	352672.0	476454.0	633135.0	925555.0	1485664.0	3756669.0	23843386.0	7048376.0
	15.0	16.0	17.0	18.0	19.0	20.0	21.0	22.0	23.0	24.0	25.0	26.0	27.0	28.0	29.0	30.0	31.0	32.0	33.0	34.0	35.0	36.0	37.0
NS.1223.004.NEBNext_dual_i7_B5---NEBNext_dual_i5_B5.08_31_vHIP_R1	5.0	23.0	66.0	221.0	464.0	982.0	2162.0	4810.0	11388.0	24690.0	51131.0	89522.0	151499.0	230671.0	340930.0	455557.0	605562.0	744747.0	977269.0	1337188.0	2583686.0	20466434.0	7887938.0
	7.0	8.0	9.0	10.0	11.0	12.0	13.0	14.0	15.0	16.0	17.0	18.0	19.0	20.0	21.0	22.0	23.0	24.0	25.0	26.0	27.0	28.0	29.0	30.0	31.0	32.0	33.0	34.0	35.0	36.0	37.0
NS.1223.004.NEBNext_dual_i7_B5---NEBNext_dual_i5_B5.08_31_vHIP_R2	1.0	2.0	5.0	4.0	10.0	140.0	738.0	1549.0	1867.0	2069.0	3089.0	4577.0	7302.0	11836.0	20120.0	33082.0	52927.0	74149.0	99682.0	122431.0	157091.0	198332.0	260603.0	332135.0	444974.0	588013.0	855697.0	1360628.0	3443987.0	21622324.0	6267581.0
	15.0	16.0	17.0	18.0	19.0	20.0	21.0	22.0	23.0	24.0	25.0	26.0	27.0	28.0	29.0	30.0	31.0	32.0	33.0	34.0	35.0	36.0	37.0
NS.1223.004.NEBNext_dual_i7_B6---NEBNext_dual_i5_B6.24_32_dHIP_R1	9.0	30.0	110.0	331.0	658.0	1249.0	2748.0	5666.0	13262.0	27700.0	55743.0	96478.0	165710.0	255883.0	387283.0	523470.0	698286.0	870767.0	1154208.0	1583965.0	3027125.0	23789834.0	9613488.0
	5.0	6.0	7.0	8.0	9.0	10.0	11.0	12.0	13.0	14.0	15.0	16.0	17.0	18.0	19.0	20.0	21.0	22.0	23.0	24.0	25.0	26.0	27.0	28.0	29.0	30.0	31.0	32.0	33.0	34.0	35.0	36.0	37.0
NS.1223.004.NEBNext_dual_i7_B6---NEBNext_dual_i5_B6.24_32_dHIP_R2	1.0	1.0	2.0	4.0	5.0	10.0	21.0	282.0	1513.0	2581.0	3036.0	3744.0	5104.0	7206.0	11197.0	17689.0	29072.0	45740.0	69611.0	95783.0	127667.0	155341.0	199752.0	251389.0	330375.0	415507.0	558941.0	738212.0	1082535.0	1739442.0	4396257.0	25211058.0	6774925.0
	15.0	16.0	17.0	18.0	19.0	20.0	21.0	22.0	23.0	24.0	25.0	26.0	27.0	28.0	29.0	30.0	31.0	32.0	33.0	34.0	35.0	36.0	37.0
NS.1223.004.NEBNext_dual_i7_B7---NEBNext_dual_i5_B7.07_09_ACC_R1	4.0	22.0	106.0	296.0	636.0	1482.0	2920.0	6322.0	14412.0	30320.0	61758.0	109056.0	185852.0	288027.0	432190.0	586087.0	773429.0	953517.0	1258536.0	1734291.0	3381095.0	26312854.0	9885302.0
	6.0	7.0	8.0	9.0	10.0	11.0	12.0	13.0	14.0	15.0	16.0	17.0	18.0	19.0	20.0	21.0	22.0	23.0	24.0	25.0	26.0	27.0	28.0	29.0	30.0	31.0	32.0	33.0	34.0	35.0	36.0	37.0
NS.1223.004.NEBNext_dual_i7_B7---NEBNext_dual_i5_B7.07_09_ACC_R2	1.0	4.0	4.0	3.0	5.0	26.0	241.0	1486.0	2642.0	3129.0	3861.0	5372.0	7928.0	12398.0	19711.0	31734.0	47900.0	71849.0	98419.0	129028.0	158229.0	203161.0	256525.0	337388.0	426312.0	570202.0	754299.0	1104894.0	1780001.0	4528774.0	27475180.0	7987808.0
	15.0	16.0	17.0	18.0	19.0	20.0	21.0	22.0	23.0	24.0	25.0	26.0	27.0	28.0	29.0	30.0	31.0	32.0	33.0	34.0	35.0	36.0	37.0
NS.1223.004.NEBNext_dual_i7_B8---NEBNext_dual_i5_B8.05_13_vHIP_R1	4.0	37.0	123.0	367.0	830.0	1711.0	3639.0	8149.0	18760.0	39939.0	80223.0	140068.0	237447.0	367461.0	550762.0	741654.0	989951.0	1235773.0	1631861.0	2227238.0	4210340.0	33721226.0	13803079.0
	5.0	6.0	7.0	8.0	9.0	10.0	11.0	12.0	13.0	14.0	15.0	16.0	17.0	18.0	19.0	20.0	21.0	22.0	23.0	24.0	25.0	26.0	27.0	28.0	29.0	30.0	31.0	32.0	33.0	34.0	35.0	36.0	37.0
NS.1223.004.NEBNext_dual_i7_B8---NEBNext_dual_i5_B8.05_13_vHIP_R2	1.0	2.0	4.0	8.0	8.0	17.0	43.0	379.0	2480.0	4854.0	5801.0	6588.0	8404.0	11583.0	17798.0	27667.0	44961.0	68959.0	105835.0	143605.0	189707.0	230743.0	295437.0	373164.0	488926.0	614643.0	819386.0	1072471.0	1554836.0	2482698.0	6271769.0	35921486.0	9246379.0
	15.0	16.0	17.0	18.0	19.0	20.0	21.0	22.0	23.0	24.0	25.0	26.0	27.0	28.0	29.0	30.0	31.0	32.0	33.0	34.0	35.0	36.0	37.0
NS.1223.004.NEBNext_dual_i7_B9---NEBNext_dual_i5_B9.01_09_dHIP_R1	4.0	24.0	120.0	367.0	747.0	1595.0	3417.0	7969.0	18980.0	40664.0	80832.0	137433.0	226154.0	338131.0	497166.0	659432.0	871996.0	1087684.0	1433434.0	1950689.0	3706073.0	29741043.0	12280434.0
	6.0	7.0	8.0	9.0	10.0	11.0	12.0	13.0	14.0	15.0	16.0	17.0	18.0	19.0	20.0	21.0	22.0	23.0	24.0	25.0	26.0	27.0	28.0	29.0	30.0	31.0	32.0	33.0	34.0	35.0	36.0	37.0
NS.1223.004.NEBNext_dual_i7_B9---NEBNext_dual_i5_B9.01_09_dHIP_R2	2.0	2.0	6.0	7.0	12.0	33.0	275.0	1558.0	3151.0	3789.0	4672.0	6289.0	9184.0	14692.0	23093.0	38153.0	60794.0	94101.0	128082.0	167919.0	200104.0	252443.0	313074.0	408878.0	515113.0	689645.0	902825.0	1312720.0	2090221.0	5255652.0	31791094.0	8796805.0
	15.0	16.0	17.0	18.0	19.0	20.0	21.0	22.0	23.0	24.0	25.0	26.0	27.0	28.0	29.0	30.0	31.0	32.0	33.0	34.0	35.0	36.0	37.0
NS.1223.004.NEBNext_dual_i7_C1---NEBNext_dual_i5_C1.16_38_dHIP_R1	2.0	27.0	87.0	224.0	498.0	976.0	2097.0	4668.0	10609.0	22898.0	46971.0	84133.0	143039.0	218852.0	325857.0	434104.0	579160.0	724619.0	959994.0	1321671.0	2587627.0	20164274.0	7416437.0
	7.0	8.0	9.0	10.0	11.0	12.0	13.0	14.0	15.0	16.0	17.0	18.0	19.0	20.0	21.0	22.0	23.0	24.0	25.0	26.0	27.0	28.0	29.0	30.0	31.0	32.0	33.0	34.0	35.0	36.0	37.0
NS.1223.004.NEBNext_dual_i7_C1---NEBNext_dual_i5_C1.16_38_dHIP_R2	3.0	0.0	6.0	8.0	21.0	175.0	867.0	1596.0	1887.0	2275.0	3547.0	5506.0	8566.0	13836.0	23242.0	38351.0	61049.0	86335.0	117566.0	145887.0	186549.0	233319.0	303720.0	379052.0	502996.0	656971.0	963018.0	1568284.0	4095356.0	20692747.0	4956089.0
	15.0	16.0	17.0	18.0	19.0	20.0	21.0	22.0	23.0	24.0	25.0	26.0	27.0	28.0	29.0	30.0	31.0	32.0	33.0	34.0	35.0	36.0	37.0
NS.1223.004.NEBNext_dual_i7_C2---NEBNext_dual_i5_C2.03_13_ACC_R1	4.0	19.0	76.0	191.0	436.0	874.0	1789.0	3854.0	8693.0	18496.0	37646.0	67583.0	117843.0	184144.0	277189.0	374073.0	503977.0	625663.0	824932.0	1136932.0	2239612.0	17383593.0	6299891.0
	6.0	7.0	8.0	9.0	10.0	11.0	12.0	13.0	14.0	15.0	16.0	17.0	18.0	19.0	20.0	21.0	22.0	23.0	24.0	25.0	26.0	27.0	28.0	29.0	30.0	31.0	32.0	33.0	34.0	35.0	36.0	37.0
NS.1223.004.NEBNext_dual_i7_C2---NEBNext_dual_i5_C2.03_13_ACC_R2	2.0	0.0	6.0	3.0	7.0	12.0	82.0	543.0	1107.0	1355.0	1741.0	2672.0	4047.0	6290.0	10255.0	16826.0	26452.0	40429.0	56358.0	75424.0	93521.0	120659.0	153772.0	205871.0	263608.0	357568.0	475822.0	701271.0	1126593.0	2839121.0	18138919.0	5387174.0
	13.0	14.0	15.0	16.0	17.0	18.0	19.0	20.0	21.0	22.0	23.0	24.0	25.0	26.0	27.0	28.0	29.0	30.0	31.0	32.0	33.0	34.0	35.0	36.0	37.0
NS.1223.004.NEBNext_dual_i7_C3---NEBNext_dual_i5_C3.07_26_vHIP_R1	1.0	0.0	8.0	28.0	107.0	295.0	668.0	1315.0	3229.0	6809.0	16576.0	35433.0	71338.0	122473.0	204391.0	308662.0	454553.0	601820.0	796560.0	991015.0	1305134.0	1788918.0	3450115.0	26892464.0	10511351.0
	6.0	7.0	8.0	9.0	10.0	11.0	12.0	13.0	14.0	15.0	16.0	17.0	18.0	19.0	20.0	21.0	22.0	23.0	24.0	25.0	26.0	27.0	28.0	29.0	30.0	31.0	32.0	33.0	34.0	35.0	36.0	37.0
NS.1223.004.NEBNext_dual_i7_C3---NEBNext_dual_i5_C3.07_26_vHIP_R2	1.0	2.0	6.0	5.0	12.0	27.0	227.0	1377.0	2747.0	3366.0	3825.0	5289.0	7511.0	11647.0	18297.0	30043.0	45236.0	66783.0	90347.0	117187.0	142222.0	180707.0	225556.0	294953.0	376603.0	509492.0	681810.0	1001239.0	1595945.0	3918423.0	28191704.0	10040674.0
	14.0	15.0	16.0	17.0	18.0	19.0	20.0	21.0	22.0	23.0	24.0	25.0	26.0	27.0	28.0	29.0	30.0	31.0	32.0	33.0	34.0	35.0	36.0	37.0
NS.1223.004.NEBNext_dual_i7_C4---NEBNext_dual_i5_C4.23_38_dHIP_R1	2.0	3.0	37.0	69.0	201.0	435.0	842.0	1914.0	4178.0	9753.0	20628.0	41717.0	73924.0	124338.0	191939.0	286159.0	381401.0	508947.0	637458.0	841696.0	1154307.0	2227326.0	17284486.0	6736585.0
	7.0	8.0	9.0	10.0	11.0	12.0	13.0	14.0	15.0	16.0	17.0	18.0	19.0	20.0	21.0	22.0	23.0	24.0	25.0	26.0	27.0	28.0	29.0	30.0	31.0	32.0	33.0	34.0	35.0	36.0	37.0
NS.1223.004.NEBNext_dual_i7_C4---NEBNext_dual_i5_C4.23_38_dHIP_R2	1.0	1.0	6.0	9.0	21.0	174.0	1058.0	2009.0	2341.0	2823.0	3823.0	5255.0	8129.0	12615.0	20287.0	30601.0	45887.0	60829.0	79663.0	96064.0	121541.0	152920.0	202402.0	258041.0	351173.0	467298.0	689047.0	1105558.0	2774155.0	18301645.0	5732969.0
	15.0	16.0	17.0	18.0	19.0	20.0	21.0	22.0	23.0	24.0	25.0	26.0	27.0	28.0	29.0	30.0	31.0	32.0	33.0	34.0	35.0	36.0	37.0
NS.1223.004.NEBNext_dual_i7_C5---NEBNext_dual_i5_C5.19_26_ACC_R1	4.0	21.0	97.0	198.0	539.0	1079.0	2218.0	5046.0	12052.0	26341.0	53086.0	92440.0	153630.0	234454.0	345530.0	460269.0	606151.0	747839.0	980297.0	1340723.0	2562653.0	20710934.0	8280690.0
	6.0	7.0	8.0	9.0	10.0	11.0	12.0	13.0	14.0	15.0	16.0	17.0	18.0	19.0	20.0	21.0	22.0	23.0	24.0	25.0	26.0	27.0	28.0	29.0	30.0	31.0	32.0	33.0	34.0	35.0	36.0	37.0
NS.1223.004.NEBNext_dual_i7_C5---NEBNext_dual_i5_C5.19_26_ACC_R2	2.0	0.0	1.0	4.0	8.0	23.0	275.0	1474.0	2464.0	2775.0	3381.0	4349.0	6144.0	9747.0	15178.0	25158.0	38935.0	59577.0	81291.0	107877.0	131630.0	167593.0	210181.0	273437.0	343713.0	457985.0	603017.0	874010.0	1381153.0	3412212.0	21686416.0	6716281.0
	15.0	16.0	17.0	18.0	19.0	20.0	21.0	22.0	23.0	24.0	25.0	26.0	27.0	28.0	29.0	30.0	31.0	32.0	33.0	34.0	35.0	36.0	37.0
NS.1223.004.NEBNext_dual_i7_C6---NEBNext_dual_i5_C6.24_32_vHIP_R1	3.0	20.0	65.0	173.0	362.0	795.0	1843.0	4053.0	9441.0	20397.0	41644.0	72584.0	121758.0	185350.0	272795.0	363436.0	481021.0	596037.0	781450.0	1064042.0	2022055.0	16143228.0	6439939.0
	5.0	6.0	7.0	8.0	9.0	10.0	11.0	12.0	13.0	14.0	15.0	16.0	17.0	18.0	19.0	20.0	21.0	22.0	23.0	24.0	25.0	26.0	27.0	28.0	29.0	30.0	31.0	32.0	33.0	34.0	35.0	36.0	37.0
NS.1223.004.NEBNext_dual_i7_C6---NEBNext_dual_i5_C6.24_32_vHIP_R2	1.0	1.0	0.0	2.0	3.0	6.0	8.0	100.0	564.0	1109.0	1352.0	1681.0	2420.0	3705.0	6008.0	9660.0	16519.0	26331.0	41320.0	57752.0	76712.0	93985.0	120813.0	153716.0	201052.0	253864.0	342382.0	454586.0	661278.0	1047700.0	2594333.0	17044000.0	5409528.0
	15.0	16.0	17.0	18.0	19.0	20.0	21.0	22.0	23.0	24.0	25.0	26.0	27.0	28.0	29.0	30.0	31.0	32.0	33.0	34.0	35.0	36.0	37.0
NS.1223.004.NEBNext_dual_i7_C7---NEBNext_dual_i5_C7.07_09_dHIP_R1	5.0	29.0	102.0	275.0	624.0	1383.0	2799.0	5834.0	12998.0	27667.0	57464.0	102971.0	178126.0	278044.0	416742.0	560042.0	747257.0	932528.0	1238543.0	1705876.0	3320324.0	26368495.0	10004530.0
	7.0	8.0	9.0	10.0	11.0	12.0	13.0	14.0	15.0	16.0	17.0	18.0	19.0	20.0	21.0	22.0	23.0	24.0	25.0	26.0	27.0	28.0	29.0	30.0	31.0	32.0	33.0	34.0	35.0	36.0	37.0
NS.1223.004.NEBNext_dual_i7_C7---NEBNext_dual_i5_C7.07_09_dHIP_R2	3.0	2.0	7.0	4.0	22.0	249.0	1414.0	2464.0	2887.0	3453.0	4736.0	7108.0	10948.0	16910.0	28099.0	44450.0	69300.0	96053.0	130390.0	161144.0	206917.0	263598.0	344967.0	435965.0	583737.0	766739.0	1117201.0	1791742.0	4520460.0	27489800.0	7861889.0
	15.0	16.0	17.0	18.0	19.0	20.0	21.0	22.0	23.0	24.0	25.0	26.0	27.0	28.0	29.0	30.0	31.0	32.0	33.0	34.0	35.0	36.0	37.0
NS.1223.004.NEBNext_dual_i7_C8---NEBNext_dual_i5_C8.06_38_ACC_R1	2.0	14.0	70.0	184.0	437.0	839.0	1635.0	3485.0	7476.0	15658.0	31945.0	58400.0	103449.0	165531.0	257286.0	352561.0	478694.0	602856.0	800035.0	1094795.0	2098590.0	17067366.0	6818173.0
	6.0	7.0	8.0	9.0	10.0	11.0	12.0	13.0	14.0	15.0	16.0	17.0	18.0	19.0	20.0	21.0	22.0	23.0	24.0	25.0	26.0	27.0	28.0	29.0	30.0	31.0	32.0	33.0	34.0	35.0	36.0	37.0
NS.1223.004.NEBNext_dual_i7_C8---NEBNext_dual_i5_C8.06_38_ACC_R2	2.0	0.0	2.0	6.0	8.0	26.0	196.0	937.0	1637.0	2100.0	2336.0	3246.0	4982.0	7966.0	12156.0	20190.0	30319.0	46145.0	63442.0	84145.0	104693.0	135656.0	173022.0	229770.0	292520.0	392646.0	515888.0	751528.0	1189985.0	2986259.0	18040964.0	4866709.0
	15.0	16.0	17.0	18.0	19.0	20.0	21.0	22.0	23.0	24.0	25.0	26.0	27.0	28.0	29.0	30.0	31.0	32.0	33.0	34.0	35.0	36.0	37.0
NS.1223.004.NEBNext_dual_i7_C9---NEBNext_dual_i5_C9.01_09_vHIP_R1	4.0	6.0	57.0	190.0	363.0	765.0	1758.0	3866.0	9128.0	19763.0	40268.0	71101.0	121470.0	187242.0	279387.0	375415.0	497868.0	612612.0	805642.0	1106621.0	2148230.0	16822700.0	6407280.0
	5.0	6.0	7.0	8.0	9.0	10.0	11.0	12.0	13.0	14.0	15.0	16.0	17.0	18.0	19.0	20.0	21.0	22.0	23.0	24.0	25.0	26.0	27.0	28.0	29.0	30.0	31.0	32.0	33.0	34.0	35.0	36.0	37.0
NS.1223.004.NEBNext_dual_i7_C9---NEBNext_dual_i5_C9.01_09_vHIP_R2	1.0	0.0	1.0	1.0	5.0	5.0	15.0	221.0	1180.0	1969.0	2338.0	2624.0	3611.0	5155.0	7957.0	12543.0	20467.0	31528.0	48013.0	65824.0	87716.0	107340.0	136852.0	171953.0	224280.0	283283.0	378377.0	497343.0	721793.0	1149469.0	2896516.0	17594605.0	5058751.0
	15.0	16.0	17.0	18.0	19.0	20.0	21.0	22.0	23.0	24.0	25.0	26.0	27.0	28.0	29.0	30.0	31.0	32.0	33.0	34.0	35.0	36.0	37.0
NS.1223.004.NEBNext_dual_i7_D1---NEBNext_dual_i5_D1.16_38_vHIP_R1	6.0	17.0	75.0	217.0	471.0	975.0	2091.0	4476.0	10594.0	22581.0	45998.0	81176.0	139448.0	215969.0	321598.0	429407.0	572229.0	711169.0	941218.0	1289797.0	2457547.0	19612625.0	7881150.0
	6.0	7.0	8.0	9.0	10.0	11.0	12.0	13.0	14.0	15.0	16.0	17.0	18.0	19.0	20.0	21.0	22.0	23.0	24.0	25.0	26.0	27.0	28.0	29.0	30.0	31.0	32.0	33.0	34.0	35.0	36.0	37.0
NS.1223.004.NEBNext_dual_i7_D1---NEBNext_dual_i5_D1.16_38_vHIP_R2	1.0	1.0	3.0	4.0	7.0	17.0	194.0	1084.0	2174.0	2521.0	3133.0	4272.0	6023.0	9298.0	14827.0	23813.0	37650.0	57961.0	78539.0	103778.0	126546.0	160758.0	202256.0	265201.0	334066.0	446889.0	588647.0	859494.0	1369401.0	3464217.0	20777259.0	5800800.0
	14.0	15.0	16.0	17.0	18.0	19.0	20.0	21.0	22.0	23.0	24.0	25.0	26.0	27.0	28.0	29.0	30.0	31.0	32.0	33.0	34.0	35.0	36.0	37.0
NS.1223.004.NEBNext_dual_i7_D2---NEBNext_dual_i5_D2.03_13_dHIP_R1	1.0	4.0	31.0	116.0	349.0	671.0	1468.0	3205.0	7111.0	16457.0	36163.0	72753.0	129240.0	219476.0	339853.0	505948.0	677734.0	907968.0	1129060.0	1485418.0	2032969.0	3897931.0	30772715.0	12199454.0
	6.0	7.0	8.0	9.0	10.0	11.0	12.0	13.0	14.0	15.0	16.0	17.0	18.0	19.0	20.0	21.0	22.0	23.0	24.0	25.0	26.0	27.0	28.0	29.0	30.0	31.0	32.0	33.0	34.0	35.0	36.0	37.0
NS.1223.004.NEBNext_dual_i7_D2---NEBNext_dual_i5_D2.03_13_dHIP_R2	2.0	5.0	4.0	2.0	10.0	25.0	137.0	1099.0	2524.0	3161.0	3763.0	5146.0	7676.0	12231.0	19316.0	32055.0	49020.0	76208.0	105359.0	140078.0	172160.0	220533.0	279689.0	370507.0	472422.0	638557.0	849437.0	1245148.0	1976287.0	4856964.0	32385451.0	10511119.0
	14.0	15.0	16.0	17.0	18.0	19.0	20.0	21.0	22.0	23.0	24.0	25.0	26.0	27.0	28.0	29.0	30.0	31.0	32.0	33.0	34.0	35.0	36.0	37.0
NS.1223.004.NEBNext_dual_i7_D3---NEBNext_dual_i5_D3.14_35_ACC_R1	1.0	3.0	10.0	72.0	224.0	467.0	961.0	2154.0	4884.0	11743.0	25279.0	50548.0	85236.0	139172.0	209627.0	312616.0	419198.0	547102.0	669364.0	879213.0	1210694.0	2366716.0	18436814.0	6838473.0
	4.0	5.0	6.0	7.0	8.0	9.0	10.0	11.0	12.0	13.0	14.0	15.0	16.0	17.0	18.0	19.0	20.0	21.0	22.0	23.0	24.0	25.0	26.0	27.0	28.0	29.0	30.0	31.0	32.0	33.0	34.0	35.0	36.0	37.0
NS.1223.004.NEBNext_dual_i7_D3---NEBNext_dual_i5_D3.14_35_ACC_R2	1.0	1.0	2.0	0.0	4.0	1.0	2.0	22.0	208.0	1023.0	1889.0	2331.0	2849.0	3808.0	5741.0	8894.0	13668.0	22380.0	34984.0	53824.0	73672.0	97194.0	117674.0	149747.0	186050.0	243622.0	306437.0	410519.0	542983.0	792184.0	1277482.0	3265365.0	19326592.0	5269418.0
	14.0	15.0	16.0	17.0	18.0	19.0	20.0	21.0	22.0	23.0	24.0	25.0	26.0	27.0	28.0	29.0	30.0	31.0	32.0	33.0	34.0	35.0	36.0	37.0
NS.1223.004.NEBNext_dual_i7_D4---NEBNext_dual_i5_D4.23_38_vHIP_R1	1.0	3.0	17.0	68.0	156.0	347.0	707.0	1627.0	3844.0	9186.0	20034.0	39347.0	67921.0	112519.0	170261.0	253550.0	339273.0	446429.0	553376.0	728596.0	998419.0	1913165.0	15417997.0	6061574.0
	7.0	8.0	9.0	10.0	11.0	12.0	13.0	14.0	15.0	16.0	17.0	18.0	19.0	20.0	21.0	22.0	23.0	24.0	25.0	26.0	27.0	28.0	29.0	30.0	31.0	32.0	33.0	34.0	35.0	36.0	37.0
NS.1223.004.NEBNext_dual_i7_D4---NEBNext_dual_i5_D4.23_38_vHIP_R2	1.0	1.0	2.0	4.0	12.0	183.0	673.0	1006.0	1280.0	1488.0	2200.0	3324.0	5357.0	8895.0	15320.0	25308.0	40510.0	56895.0	75786.0	92473.0	117042.0	147262.0	194338.0	246984.0	332636.0	440444.0	644619.0	1037336.0	2675407.0	16362621.0	4609010.0
	14.0	15.0	16.0	17.0	18.0	19.0	20.0	21.0	22.0	23.0	24.0	25.0	26.0	27.0	28.0	29.0	30.0	31.0	32.0	33.0	34.0	35.0	36.0	37.0
NS.1223.004.NEBNext_dual_i7_D5---NEBNext_dual_i5_D5.19_26_dHIP_R1	1.0	4.0	23.0	70.0	182.0	377.0	701.0	1664.0	3738.0	9320.0	19845.0	39684.0	68040.0	112607.0	170147.0	249169.0	330597.0	437768.0	544926.0	719943.0	986670.0	1878796.0	14638529.0	5965405.0
	7.0	8.0	9.0	10.0	11.0	12.0	13.0	14.0	15.0	16.0	17.0	18.0	19.0	20.0	21.0	22.0	23.0	24.0	25.0	26.0	27.0	28.0	29.0	30.0	31.0	32.0	33.0	34.0	35.0	36.0	37.0
NS.1223.004.NEBNext_dual_i7_D5---NEBNext_dual_i5_D5.19_26_dHIP_R2	1.0	2.0	0.0	7.0	23.0	179.0	1007.0	1797.0	2309.0	2751.0	3621.0	5116.0	7897.0	12181.0	20926.0	33177.0	52050.0	72259.0	95960.0	115947.0	147773.0	183257.0	237664.0	296611.0	393162.0	512713.0	753818.0	1243584.0	3304235.0	15336787.0	3341392.0
	15.0	16.0	17.0	18.0	19.0	20.0	21.0	22.0	23.0	24.0	25.0	26.0	27.0	28.0	29.0	30.0	31.0	32.0	33.0	34.0	35.0	36.0	37.0
NS.1223.004.NEBNext_dual_i7_D6---NEBNext_dual_i5_D6.21_38_ACC_R1	4.0	21.0	91.0	276.0	555.0	1219.0	2810.0	6373.0	15365.0	33154.0	66887.0	114542.0	188664.0	283750.0	419813.0	558844.0	740838.0	912620.0	1197630.0	1649562.0	3211601.0	24851425.0	9478617.0
	8.0	9.0	10.0	11.0	12.0	13.0	14.0	15.0	16.0	17.0	18.0	19.0	20.0	21.0	22.0	23.0	24.0	25.0	26.0	27.0	28.0	29.0	30.0	31.0	32.0	33.0	34.0	35.0	36.0	37.0
NS.1223.004.NEBNext_dual_i7_D6---NEBNext_dual_i5_D6.21_38_ACC_R2	1.0	8.0	5.0	23.0	145.0	670.0	1368.0	1814.0	2522.0	4019.0	6452.0	10531.0	16981.0	29008.0	46880.0	74637.0	104532.0	139811.0	169683.0	215778.0	268861.0	352038.0	442080.0	590683.0	771881.0	1129170.0	1834009.0	4775872.0	25914859.0	6830340.0
	15.0	16.0	17.0	18.0	19.0	20.0	21.0	22.0	23.0	24.0	25.0	26.0	27.0	28.0	29.0	30.0	31.0	32.0	33.0	34.0	35.0	36.0	37.0
NS.1223.004.NEBNext_dual_i7_D7---NEBNext_dual_i5_D7.07_09_vHIP_R1	1.0	15.0	64.0	144.0	414.0	818.0	1680.0	3905.0	9338.0	20270.0	41384.0	72253.0	121763.0	185992.0	276121.0	369541.0	492328.0	611858.0	808674.0	1108356.0	2140060.0	16530055.0	6312360.0
	7.0	8.0	9.0	10.0	11.0	12.0	13.0	14.0	15.0	16.0	17.0	18.0	19.0	20.0	21.0	22.0	23.0	24.0	25.0	26.0	27.0	28.0	29.0	30.0	31.0	32.0	33.0	34.0	35.0	36.0	37.0
NS.1223.004.NEBNext_dual_i7_D7---NEBNext_dual_i5_D7.07_09_vHIP_R2	3.0	3.0	2.0	7.0	14.0	176.0	1042.0	2006.0	2374.0	2747.0	3623.0	5202.0	8006.0	12451.0	20212.0	30648.0	46046.0	61923.0	81187.0	98062.0	124451.0	155786.0	203403.0	257682.0	346983.0	460827.0	672164.0	1070675.0	2695339.0	17452806.0	5291544.0
	15.0	16.0	17.0	18.0	19.0	20.0	21.0	22.0	23.0	24.0	25.0	26.0	27.0	28.0	29.0	30.0	31.0	32.0	33.0	34.0	35.0	36.0	37.0
NS.1223.004.NEBNext_dual_i7_D8---NEBNext_dual_i5_D8.06_38_dHIP_R1	7.0	21.0	85.0	247.0	529.0	1031.0	2246.0	4777.0	11159.0	23943.0	48994.0	87085.0	151401.0	235385.0	354914.0	478374.0	643939.0	803090.0	1062854.0	1462348.0	2793301.0	21859570.0	8483907.0
	6.0	7.0	8.0	9.0	10.0	11.0	12.0	13.0	14.0	15.0	16.0	17.0	18.0	19.0	20.0	21.0	22.0	23.0	24.0	25.0	26.0	27.0	28.0	29.0	30.0	31.0	32.0	33.0	34.0	35.0	36.0	37.0
NS.1223.004.NEBNext_dual_i7_D8---NEBNext_dual_i5_D8.06_38_dHIP_R2	1.0	0.0	3.0	4.0	7.0	14.0	146.0	913.0	1917.0	2300.0	2650.0	3894.0	5746.0	8894.0	14034.0	23240.0	36046.0	56283.0	77292.0	102453.0	125283.0	161980.0	204352.0	272050.0	348853.0	472467.0	625199.0	915360.0	1460722.0	3678737.0	23209409.0	6698958.0
	15.0	16.0	17.0	18.0	19.0	20.0	21.0	22.0	23.0	24.0	25.0	26.0	27.0	28.0	29.0	30.0	31.0	32.0	33.0	34.0	35.0	36.0	37.0
NS.1223.004.NEBNext_dual_i7_D9---NEBNext_dual_i5_D9.03_15_ACC_R1	3.0	10.0	48.0	166.0	386.0	750.0	1594.0	3554.0	8416.0	18035.0	37428.0	64032.0	107125.0	162752.0	241625.0	322880.0	430665.0	531856.0	698599.0	950543.0	1818473.0	14682143.0	5833670.0
	6.0	7.0	8.0	9.0	10.0	11.0	12.0	13.0	14.0	15.0	16.0	17.0	18.0	19.0	20.0	21.0	22.0	23.0	24.0	25.0	26.0	27.0	28.0	29.0	30.0	31.0	32.0	33.0	34.0	35.0	36.0	37.0
NS.1223.004.NEBNext_dual_i7_D9---NEBNext_dual_i5_D9.03_15_ACC_R2	1.0	1.0	4.0	2.0	5.0	14.0	130.0	729.0	1342.0	1555.0	1961.0	2821.0	4170.0	6509.0	10594.0	17519.0	27209.0	42042.0	57124.0	74633.0	91131.0	116141.0	146048.0	190063.0	239021.0	322393.0	423977.0	616972.0	984463.0	2463197.0	15498370.0	4574612.0
	15.0	16.0	17.0	18.0	19.0	20.0	21.0	22.0	23.0	24.0	25.0	26.0	27.0	28.0	29.0	30.0	31.0	32.0	33.0	34.0	35.0	36.0	37.0
NS.1223.004.NEBNext_dual_i7_E1---NEBNext_dual_i5_E1.27_32_ACC_R1	1.0	20.0	75.0	202.0	391.0	787.0	1665.0	3645.0	8409.0	18244.0	37493.0	67652.0	117638.0	182712.0	275822.0	369356.0	492785.0	613338.0	804932.0	1101810.0	2123870.0	16647691.0	6612730.0
	7.0	8.0	9.0	10.0	11.0	12.0	13.0	14.0	15.0	16.0	17.0	18.0	19.0	20.0	21.0	22.0	23.0	24.0	25.0	26.0	27.0	28.0	29.0	30.0	31.0	32.0	33.0	34.0	35.0	36.0	37.0
NS.1223.004.NEBNext_dual_i7_E1---NEBNext_dual_i5_E1.27_32_ACC_R2	4.0	5.0	6.0	7.0	23.0	124.0	848.0	1879.0	2277.0	2644.0	3641.0	5153.0	8315.0	12661.0	20316.0	30398.0	44263.0	59361.0	77560.0	94091.0	120855.0	152654.0	203727.0	257162.0	348130.0	462524.0	679380.0	1080374.0	2660938.0	17480291.0	5671657.0
	15.0	16.0	17.0	18.0	19.0	20.0	21.0	22.0	23.0	24.0	25.0	26.0	27.0	28.0	29.0	30.0	31.0	32.0	33.0	34.0	35.0	36.0	37.0
NS.1223.004.NEBNext_dual_i7_E2---NEBNext_dual_i5_E2.03_13_vHIP_R1	1.0	16.0	82.0	261.0	492.0	1044.0	2293.0	5104.0	12434.0	26336.0	53814.0	93781.0	157276.0	238834.0	353636.0	475536.0	627979.0	770799.0	1013070.0	1384967.0	2656273.0	21198824.0	8298818.0
	8.0	9.0	10.0	11.0	12.0	13.0	14.0	15.0	16.0	17.0	18.0	19.0	20.0	21.0	22.0	23.0	24.0	25.0	26.0	27.0	28.0	29.0	30.0	31.0	32.0	33.0	34.0	35.0	36.0	37.0
NS.1223.004.NEBNext_dual_i7_E2---NEBNext_dual_i5_E2.03_13_vHIP_R2	1.0	5.0	11.0	27.0	194.0	997.0	1878.0	2211.0	2581.0	3713.0	5386.0	8739.0	13807.0	24119.0	39134.0	63295.0	88538.0	119708.0	147714.0	188968.0	237219.0	309899.0	390802.0	515723.0	671437.0	973867.0	1565383.0	4032248.0	22209915.0	5754151.0
	15.0	16.0	17.0	18.0	19.0	20.0	21.0	22.0	23.0	24.0	25.0	26.0	27.0	28.0	29.0	30.0	31.0	32.0	33.0	34.0	35.0	36.0	37.0
NS.1223.004.NEBNext_dual_i7_E3---NEBNext_dual_i5_E3.14_35_dHIP_R1	8.0	27.0	142.0	392.0	797.0	1670.0	3708.0	8386.0	19843.0	42978.0	85406.0	145775.0	242337.0	366151.0	540154.0	720803.0	955809.0	1192902.0	1578378.0	2155763.0	4143708.0	32911337.0	12850437.0
	5.0	6.0	7.0	8.0	9.0	10.0	11.0	12.0	13.0	14.0	15.0	16.0	17.0	18.0	19.0	20.0	21.0	22.0	23.0	24.0	25.0	26.0	27.0	28.0	29.0	30.0	31.0	32.0	33.0	34.0	35.0	36.0	37.0
NS.1223.004.NEBNext_dual_i7_E3---NEBNext_dual_i5_E3.14_35_dHIP_R2	1.0	2.0	3.0	6.0	6.0	10.0	33.0	345.0	2095.0	4236.0	5133.0	5913.0	7682.0	10701.0	16523.0	25482.0	41301.0	62471.0	93706.0	124683.0	161793.0	193782.0	244999.0	304739.0	395905.0	501305.0	678204.0	904885.0	1327366.0	2128042.0	5340513.0	35004727.0	10380319.0
	15.0	16.0	17.0	18.0	19.0	20.0	21.0	22.0	23.0	24.0	25.0	26.0	27.0	28.0	29.0	30.0	31.0	32.0	33.0	34.0	35.0	36.0	37.0
NS.1223.004.NEBNext_dual_i7_E4---NEBNext_dual_i5_E4.04_09_ACC_R1	3.0	19.0	84.0	230.0	508.0	953.0	2216.0	4971.0	11828.0	25251.0	50318.0	87208.0	145836.0	221021.0	329010.0	440220.0	585797.0	726161.0	950580.0	1292332.0	2410298.0	19480614.0	8699818.0
	6.0	7.0	8.0	9.0	10.0	11.0	12.0	13.0	14.0	15.0	16.0	17.0	18.0	19.0	20.0	21.0	22.0	23.0	24.0	25.0	26.0	27.0	28.0	29.0	30.0	31.0	32.0	33.0	34.0	35.0	36.0	37.0
NS.1223.004.NEBNext_dual_i7_E4---NEBNext_dual_i5_E4.04_09_ACC_R2	2.0	0.0	1.0	6.0	13.0	29.0	238.0	1617.0	3096.0	3554.0	3423.0	4237.0	5793.0	8772.0	14080.0	23457.0	36032.0	56037.0	76335.0	100602.0	121261.0	154433.0	193303.0	253548.0	320705.0	431673.0	570435.0	833852.0	1323385.0	3304870.0	21411232.0	6209255.0
	15.0	16.0	17.0	18.0	19.0	20.0	21.0	22.0	23.0	24.0	25.0	26.0	27.0	28.0	29.0	30.0	31.0	32.0	33.0	34.0	35.0	36.0	37.0
NS.1223.004.NEBNext_dual_i7_E5---NEBNext_dual_i5_E5.19_26_vHIP_R1	9.0	28.0	81.0	212.0	442.0	988.0	2146.0	4739.0	11394.0	24168.0	48946.0	86059.0	145392.0	222838.0	331226.0	441557.0	590379.0	729512.0	953781.0	1309887.0	2533310.0	20079064.0	7787912.0
	6.0	7.0	8.0	9.0	10.0	11.0	12.0	13.0	14.0	15.0	16.0	17.0	18.0	19.0	20.0	21.0	22.0	23.0	24.0	25.0	26.0	27.0	28.0	29.0	30.0	31.0	32.0	33.0	34.0	35.0	36.0	37.0
NS.1223.004.NEBNext_dual_i7_E5---NEBNext_dual_i5_E5.19_26_vHIP_R2	1.0	1.0	1.0	1.0	6.0	27.0	311.0	1814.0	3008.0	3401.0	3828.0	5192.0	6945.0	10497.0	16395.0	26686.0	40125.0	61144.0	83690.0	109643.0	134262.0	169834.0	212881.0	277034.0	347492.0	463694.0	610260.0	888581.0	1430163.0	3620131.0	20955586.0	5821436.0
	15.0	16.0	17.0	18.0	19.0	20.0	21.0	22.0	23.0	24.0	25.0	26.0	27.0	28.0	29.0	30.0	31.0	32.0	33.0	34.0	35.0	36.0	37.0
NS.1223.004.NEBNext_dual_i7_E6---NEBNext_dual_i5_E6.21_38_dHIP_R1	9.0	18.0	68.0	170.0	418.0	871.0	1912.0	4360.0	10518.0	22830.0	45625.0	76895.0	126264.0	189190.0	278056.0	372194.0	489757.0	603106.0	794483.0	1089175.0	2103389.0	16793733.0	6496549.0
	6.0	7.0	8.0	9.0	10.0	11.0	12.0	13.0	14.0	15.0	16.0	17.0	18.0	19.0	20.0	21.0	22.0	23.0	24.0	25.0	26.0	27.0	28.0	29.0	30.0	31.0	32.0	33.0	34.0	35.0	36.0	37.0
NS.1223.004.NEBNext_dual_i7_E6---NEBNext_dual_i5_E6.21_38_dHIP_R2	1.0	2.0	2.0	4.0	5.0	21.0	170.0	1012.0	1755.0	2122.0	2544.0	3633.0	5537.0	8889.0	13873.0	23950.0	39146.0	62386.0	86528.0	114878.0	137435.0	172412.0	212385.0	273466.0	338962.0	444798.0	573863.0	830566.0	1347155.0	3499383.0	17247709.0	4054998.0
	15.0	16.0	17.0	18.0	19.0	20.0	21.0	22.0	23.0	24.0	25.0	26.0	27.0	28.0	29.0	30.0	31.0	32.0	33.0	34.0	35.0	36.0	37.0
NS.1223.004.NEBNext_dual_i7_E7---NEBNext_dual_i5_E7.25_31_ACC_R1	5.0	16.0	43.0	181.0	377.0	732.0	1483.0	3078.0	6903.0	14486.0	29837.0	53271.0	93215.0	147112.0	225959.0	308134.0	415363.0	519925.0	687400.0	943872.0	1834453.0	14741189.0	5771635.0
	6.0	7.0	8.0	9.0	10.0	11.0	12.0	13.0	14.0	15.0	16.0	17.0	18.0	19.0	20.0	21.0	22.0	23.0	24.0	25.0	26.0	27.0	28.0	29.0	30.0	31.0	32.0	33.0	34.0	35.0	36.0	37.0
NS.1223.004.NEBNext_dual_i7_E7---NEBNext_dual_i5_E7.25_31_ACC_R2	1.0	4.0	3.0	4.0	4.0	22.0	256.0	902.0	1382.0	1649.0	2081.0	2697.0	3988.0	6122.0	9707.0	15494.0	23489.0	34662.0	47195.0	62830.0	77456.0	99206.0	126489.0	168119.0	216950.0	293195.0	391633.0	576743.0	925719.0	2315653.0	15519619.0	4875395.0
	14.0	15.0	16.0	17.0	18.0	19.0	20.0	21.0	22.0	23.0	24.0	25.0	26.0	27.0	28.0	29.0	30.0	31.0	32.0	33.0	34.0	35.0	36.0	37.0
NS.1223.004.NEBNext_dual_i7_E8---NEBNext_dual_i5_E8.06_38_vHIP_R1	1.0	2.0	26.0	86.0	246.0	531.0	1129.0	2451.0	5622.0	13370.0	29116.0	58685.0	103059.0	173709.0	264282.0	390992.0	518106.0	685823.0	852284.0	1126174.0	1545689.0	3012601.0	23613190.0	8753790.0
	7.0	8.0	9.0	10.0	11.0	12.0	13.0	14.0	15.0	16.0	17.0	18.0	19.0	20.0	21.0	22.0	23.0	24.0	25.0	26.0	27.0	28.0	29.0	30.0	31.0	32.0	33.0	34.0	35.0	36.0	37.0
NS.1223.004.NEBNext_dual_i7_E8---NEBNext_dual_i5_E8.06_38_vHIP_R2	1.0	5.0	6.0	10.0	30.0	174.0	951.0	1829.0	2395.0	2907.0	4331.0	6448.0	10606.0	17061.0	27866.0	43185.0	66678.0	91462.0	120356.0	146030.0	186599.0	235524.0	307217.0	387276.0	516957.0	681459.0	996750.0	1593452.0	4064918.0	24515866.0	7122615.0
	15.0	16.0	17.0	18.0	19.0	20.0	21.0	22.0	23.0	24.0	25.0	26.0	27.0	28.0	29.0	30.0	31.0	32.0	33.0	34.0	35.0	36.0	37.0
NS.1223.004.NEBNext_dual_i7_E9---NEBNext_dual_i5_E9.03_15_dHIP_R1	4.0	18.0	51.0	173.0	414.0	876.0	1917.0	4423.0	10708.0	22466.0	44888.0	76352.0	125874.0	188819.0	279114.0	372269.0	501559.0	616692.0	802957.0	1097091.0	2090412.0	16610473.0	6666084.0
	7.0	8.0	9.0	10.0	11.0	12.0	13.0	14.0	15.0	16.0	17.0	18.0	19.0	20.0	21.0	22.0	23.0	24.0	25.0	26.0	27.0	28.0	29.0	30.0	31.0	32.0	33.0	34.0	35.0	36.0	37.0
NS.1223.004.NEBNext_dual_i7_E9---NEBNext_dual_i5_E9.03_15_dHIP_R2	1.0	5.0	4.0	9.0	18.0	317.0	1576.0	2612.0	2940.0	3255.0	4192.0	5754.0	8825.0	13888.0	22336.0	34187.0	52554.0	71773.0	92794.0	111427.0	140211.0	174776.0	226459.0	284172.0	380812.0	501757.0	732898.0	1174740.0	3005755.0	17679476.0	4784111.0
	15.0	16.0	17.0	18.0	19.0	20.0	21.0	22.0	23.0	24.0	25.0	26.0	27.0	28.0	29.0	30.0	31.0	32.0	33.0	34.0	35.0	36.0	37.0
NS.1223.004.NEBNext_dual_i7_F1---NEBNext_dual_i5_F1.27_32_dHIP_R1	3.0	16.0	67.0	150.0	387.0	766.0	1719.0	3937.0	9615.0	20318.0	40977.0	70519.0	117305.0	178460.0	263958.0	352012.0	471303.0	585470.0	770294.0	1059255.0	2047289.0	15781807.0	6015628.0
	6.0	7.0	8.0	9.0	10.0	11.0	12.0	13.0	14.0	15.0	16.0	17.0	18.0	19.0	20.0	21.0	22.0	23.0	24.0	25.0	26.0	27.0	28.0	29.0	30.0	31.0	32.0	33.0	34.0	35.0	36.0	37.0
NS.1223.004.NEBNext_dual_i7_F1---NEBNext_dual_i5_F1.27_32_dHIP_R2	1.0	0.0	3.0	2.0	7.0	10.0	151.0	775.0	1436.0	1717.0	2157.0	2971.0	4519.0	7051.0	11101.0	18202.0	28279.0	43443.0	59139.0	78128.0	95301.0	120385.0	150378.0	197065.0	248568.0	336109.0	447297.0	656191.0	1060917.0	2743220.0	16822890.0	4653842.0
	14.0	15.0	16.0	17.0	18.0	19.0	20.0	21.0	22.0	23.0	24.0	25.0	26.0	27.0	28.0	29.0	30.0	31.0	32.0	33.0	34.0	35.0	36.0	37.0
NS.1223.004.NEBNext_dual_i7_F2---NEBNext_dual_i5_F2.08_09_ACC_R1	1.0	6.0	24.0	94.0	230.0	514.0	1040.0	2415.0	5213.0	12238.0	26427.0	52700.0	89651.0	147807.0	223690.0	330117.0	438859.0	584770.0	726025.0	956787.0	1303494.0	2490197.0	19986782.0	7980274.0
	6.0	7.0	8.0	9.0	10.0	11.0	12.0	13.0	14.0	15.0	16.0	17.0	18.0	19.0	20.0	21.0	22.0	23.0	24.0	25.0	26.0	27.0	28.0	29.0	30.0	31.0	32.0	33.0	34.0	35.0	36.0	37.0
NS.1223.004.NEBNext_dual_i7_F2---NEBNext_dual_i5_F2.08_09_ACC_R2	1.0	3.0	4.0	3.0	6.0	28.0	245.0	1248.0	2164.0	2591.0	2946.0	3886.0	5680.0	8834.0	14081.0	23294.0	36637.0	56407.0	77279.0	101406.0	122879.0	155980.0	194901.0	253457.0	320555.0	431093.0	567898.0	828826.0	1322492.0	3332930.0	21184884.0	6306717.0
	15.0	16.0	17.0	18.0	19.0	20.0	21.0	22.0	23.0	24.0	25.0	26.0	27.0	28.0	29.0	30.0	31.0	32.0	33.0	34.0	35.0	36.0	37.0
NS.1223.004.NEBNext_dual_i7_F3---NEBNext_dual_i5_F3.14_35_vHIP_R1	3.0	19.0	52.0	149.0	334.0	713.0	1525.0	3621.0	8575.0	18580.0	37356.0	64373.0	106691.0	160224.0	235852.0	311677.0	413268.0	510633.0	673502.0	917211.0	1738676.0	14164742.0	5942723.0
	7.0	8.0	9.0	10.0	11.0	12.0	13.0	14.0	15.0	16.0	17.0	18.0	19.0	20.0	21.0	22.0	23.0	24.0	25.0	26.0	27.0	28.0	29.0	30.0	31.0	32.0	33.0	34.0	35.0	36.0	37.0
NS.1223.004.NEBNext_dual_i7_F3---NEBNext_dual_i5_F3.14_35_vHIP_R2	3.0	1.0	5.0	6.0	20.0	161.0	876.0	1696.0	2046.0	2326.0	3205.0	4634.0	7179.0	11339.0	18445.0	28795.0	44143.0	59661.0	78778.0	95264.0	119930.0	149446.0	195190.0	243682.0	323767.0	426196.0	617811.0	983776.0	2517846.0	15098836.0	4275436.0
	14.0	15.0	16.0	17.0	18.0	19.0	20.0	21.0	22.0	23.0	24.0	25.0	26.0	27.0	28.0	29.0	30.0	31.0	32.0	33.0	34.0	35.0	36.0	37.0
NS.1223.004.NEBNext_dual_i7_F4---NEBNext_dual_i5_F4.04_09_dHIP_R1	2.0	5.0	3.0	43.0	132.0	302.0	629.0	1353.0	2817.0	6635.0	14292.0	28736.0	51180.0	87623.0	134511.0	201736.0	272292.0	362184.0	447237.0	590585.0	812327.0	1566524.0	12238247.0	4692602.0
	5.0	6.0	7.0	8.0	9.0	10.0	11.0	12.0	13.0	14.0	15.0	16.0	17.0	18.0	19.0	20.0	21.0	22.0	23.0	24.0	25.0	26.0	27.0	28.0	29.0	30.0	31.0	32.0	33.0	34.0	35.0	36.0	37.0
NS.1223.004.NEBNext_dual_i7_F4---NEBNext_dual_i5_F4.04_09_dHIP_R2	1.0	1.0	0.0	1.0	3.0	6.0	16.0	200.0	1028.0	1926.0	2247.0	2460.0	3225.0	4411.0	6726.0	10055.0	16232.0	24159.0	37101.0	49847.0	65752.0	80246.0	102462.0	128249.0	168250.0	211073.0	283788.0	370147.0	539197.0	859055.0	2176707.0	12859209.0	3508217.0
	15.0	16.0	17.0	18.0	19.0	20.0	21.0	22.0	23.0	24.0	25.0	26.0	27.0	28.0	29.0	30.0	31.0	32.0	33.0	34.0	35.0	36.0	37.0
NS.1223.004.NEBNext_dual_i7_F5---NEBNext_dual_i5_F5.13_09_ACC_R1	5.0	21.0	99.0	233.0	549.0	1026.0	2241.0	5266.0	12763.0	27335.0	53388.0	90826.0	147844.0	221204.0	326416.0	433628.0	574079.0	708245.0	935579.0	1276456.0	2469363.0	19425297.0	7515744.0
	6.0	7.0	8.0	9.0	10.0	11.0	12.0	13.0	14.0	15.0	16.0	17.0	18.0	19.0	20.0	21.0	22.0	23.0	24.0	25.0	26.0	27.0	28.0	29.0	30.0	31.0	32.0	33.0	34.0	35.0	36.0	37.0
NS.1223.004.NEBNext_dual_i7_F5---NEBNext_dual_i5_F5.13_09_ACC_R2	1.0	3.0	3.0	7.0	10.0	16.0	197.0	1267.0	2351.0	2738.0	3240.0	4244.0	6173.0	9549.0	15074.0	24155.0	37396.0	56979.0	77350.0	100638.0	120511.0	151710.0	188919.0	246737.0	310426.0	417936.0	553595.0	811755.0	1309574.0	3317034.0	20482805.0	5975214.0
	15.0	16.0	17.0	18.0	19.0	20.0	21.0	22.0	23.0	24.0	25.0	26.0	27.0	28.0	29.0	30.0	31.0	32.0	33.0	34.0	35.0	36.0	37.0
NS.1223.004.NEBNext_dual_i7_F6---NEBNext_dual_i5_F6.21_38_vHIP_R1	2.0	23.0	72.0	217.0	440.0	955.0	2053.0	4729.0	11238.0	24485.0	49338.0	86905.0	145254.0	222209.0	328199.0	436122.0	583339.0	722567.0	947999.0	1304584.0	2566611.0	19621686.0	7077339.0
	7.0	8.0	9.0	10.0	11.0	12.0	13.0	14.0	15.0	16.0	17.0	18.0	19.0	20.0	21.0	22.0	23.0	24.0	25.0	26.0	27.0	28.0	29.0	30.0	31.0	32.0	33.0	34.0	35.0	36.0	37.0
NS.1223.004.NEBNext_dual_i7_F6---NEBNext_dual_i5_F6.21_38_vHIP_R2	3.0	4.0	1.0	8.0	18.0	164.0	1064.0	2202.0	2639.0	3164.0	4153.0	5810.0	9187.0	14323.0	23712.0	36108.0	54642.0	74974.0	97726.0	118694.0	152304.0	190432.0	249758.0	316188.0	425959.0	563999.0	821655.0	1305041.0	3263064.0	20509101.0	5890269.0
	15.0	16.0	17.0	18.0	19.0	20.0	21.0	22.0	23.0	24.0	25.0	26.0	27.0	28.0	29.0	30.0	31.0	32.0	33.0	34.0	35.0	36.0	37.0
NS.1223.004.NEBNext_dual_i7_F7---NEBNext_dual_i5_F7.25_31_dHIP_R1	3.0	21.0	74.0	209.0	464.0	929.0	2283.0	4925.0	12415.0	26875.0	53847.0	92728.0	152990.0	229668.0	335801.0	445923.0	595504.0	737305.0	962425.0	1315283.0	2507395.0	19889593.0	8052780.0
	6.0	7.0	8.0	9.0	10.0	11.0	12.0	13.0	14.0	15.0	16.0	17.0	18.0	19.0	20.0	21.0	22.0	23.0	24.0	25.0	26.0	27.0	28.0	29.0	30.0	31.0	32.0	33.0	34.0	35.0	36.0	37.0
NS.1223.004.NEBNext_dual_i7_F7---NEBNext_dual_i5_F7.25_31_dHIP_R2	1.0	1.0	7.0	6.0	6.0	21.0	170.0	1190.0	2383.0	2829.0	3175.0	4162.0	6022.0	9280.0	14819.0	24623.0	37695.0	56449.0	76656.0	99062.0	119281.0	151121.0	188076.0	246439.0	312680.0	420488.0	555957.0	809711.0	1287824.0	3202097.0	21198348.0	6588861.0
	12.0	13.0	14.0	15.0	16.0	17.0	18.0	19.0	20.0	21.0	22.0	23.0	24.0	25.0	26.0	27.0	28.0	29.0	30.0	31.0	32.0	33.0	34.0	35.0	36.0	37.0
NS.1223.004.NEBNext_dual_i7_F8---NEBNext_dual_i5_F8.11_09_ACC_R1	1.0	0.0	0.0	5.0	18.0	57.0	171.0	364.0	775.0	1743.0	3997.0	9327.0	20256.0	39892.0	67951.0	111721.0	167746.0	246557.0	330229.0	436047.0	536401.0	702973.0	963823.0	1872231.0	14900143.0	5622789.0
	5.0	6.0	7.0	8.0	9.0	10.0	11.0	12.0	13.0	14.0	15.0	16.0	17.0	18.0	19.0	20.0	21.0	22.0	23.0	24.0	25.0	26.0	27.0	28.0	29.0	30.0	31.0	32.0	33.0	34.0	35.0	36.0	37.0
NS.1223.004.NEBNext_dual_i7_F8---NEBNext_dual_i5_F8.11_09_ACC_R2	1.0	0.0	0.0	1.0	8.0	9.0	13.0	156.0	924.0	1630.0	2010.0	2147.0	3130.0	4377.0	7063.0	11008.0	17987.0	28205.0	42130.0	57305.0	74694.0	89765.0	112495.0	139062.0	180273.0	230115.0	309825.0	411690.0	601634.0	963077.0	2414121.0	15523762.0	4806600.0
	15.0	16.0	17.0	18.0	19.0	20.0	21.0	22.0	23.0	24.0	25.0	26.0	27.0	28.0	29.0	30.0	31.0	32.0	33.0	34.0	35.0	36.0	37.0
NS.1223.004.NEBNext_dual_i7_F9---NEBNext_dual_i5_F9.03_15_vHIP_R1	13.0	34.0	146.0	428.0	941.0	1923.0	4222.0	9328.0	22140.0	47115.0	95423.0	168136.0	283947.0	433563.0	642262.0	857217.0	1137651.0	1420282.0	1864429.0	2534800.0	4778681.0	38374974.0	16549329.0
	6.0	7.0	8.0	9.0	10.0	11.0	12.0	13.0	14.0	15.0	16.0	17.0	18.0	19.0	20.0	21.0	22.0	23.0	24.0	25.0	26.0	27.0	28.0	29.0	30.0	31.0	32.0	33.0	34.0	35.0	36.0	37.0
NS.1223.004.NEBNext_dual_i7_F9---NEBNext_dual_i5_F9.03_15_vHIP_R2	1.0	2.0	3.0	6.0	11.0	31.0	345.0	2083.0	3704.0	4336.0	5055.0	7175.0	10265.0	15806.0	25292.0	42366.0	67239.0	105303.0	146548.0	196382.0	241639.0	309740.0	387216.0	503509.0	638688.0	860047.0	1135028.0	1655326.0	2659601.0	6786854.0	41589929.0	11827454.0
	15.0	16.0	17.0	18.0	19.0	20.0	21.0	22.0	23.0	24.0	25.0	26.0	27.0	28.0	29.0	30.0	31.0	32.0	33.0	34.0	35.0	36.0	37.0
NS.1223.004.NEBNext_dual_i7_G1---NEBNext_dual_i5_G1.27_32_vHIP_R1	7.0	15.0	69.0	183.0	439.0	840.0	1731.0	3790.0	8604.0	18033.0	36967.0	65944.0	114383.0	178501.0	270306.0	364957.0	491419.0	615133.0	810721.0	1112088.0	2126039.0	16592476.0	6522465.0
	6.0	7.0	8.0	9.0	10.0	11.0	12.0	13.0	14.0	15.0	16.0	17.0	18.0	19.0	20.0	21.0	22.0	23.0	24.0	25.0	26.0	27.0	28.0	29.0	30.0	31.0	32.0	33.0	34.0	35.0	36.0	37.0
NS.1223.004.NEBNext_dual_i7_G1---NEBNext_dual_i5_G1.27_32_vHIP_R2	1.0	1.0	1.0	5.0	8.0	22.0	204.0	934.0	1574.0	1935.0	2277.0	3243.0	4828.0	7744.0	12196.0	20504.0	31827.0	48599.0	67090.0	90059.0	111295.0	143898.0	181286.0	237144.0	300653.0	400657.0	525705.0	761920.0	1214324.0	3063175.0	17460891.0	4641110.0
	15.0	16.0	17.0	18.0	19.0	20.0	21.0	22.0	23.0	24.0	25.0	26.0	27.0	28.0	29.0	30.0	31.0	32.0	33.0	34.0	35.0	36.0	37.0
NS.1223.004.NEBNext_dual_i7_G2---NEBNext_dual_i5_G2.08_09_dHIP_R1	2.0	15.0	53.0	150.0	322.0	645.0	1583.0	3578.0	8217.0	17679.0	36387.0	62525.0	105021.0	157575.0	232994.0	307188.0	406561.0	505609.0	664275.0	907082.0	1755382.0	13711115.0	5284666.0
	6.0	7.0	8.0	9.0	10.0	11.0	12.0	13.0	14.0	15.0	16.0	17.0	18.0	19.0	20.0	21.0	22.0	23.0	24.0	25.0	26.0	27.0	28.0	29.0	30.0	31.0	32.0	33.0	34.0	35.0	36.0	37.0
NS.1223.004.NEBNext_dual_i7_G2---NEBNext_dual_i5_G2.08_09_dHIP_R2	1.0	0.0	2.0	0.0	7.0	13.0	96.0	671.0	1375.0	1681.0	2093.0	2893.0	4393.0	6795.0	10584.0	16950.0	25264.0	37957.0	50467.0	65529.0	78451.0	99109.0	123893.0	163701.0	207876.0	280279.0	371567.0	543719.0	867368.0	2165658.0	14438486.0	4601746.0
	14.0	15.0	16.0	17.0	18.0	19.0	20.0	21.0	22.0	23.0	24.0	25.0	26.0	27.0	28.0	29.0	30.0	31.0	32.0	33.0	34.0	35.0	36.0	37.0
NS.1223.004.NEBNext_dual_i7_G3---NEBNext_dual_i5_G3.10_35_ACC_R1	1.0	3.0	18.0	77.0	208.0	449.0	894.0	1974.0	4280.0	9955.0	21736.0	42707.0	70332.0	114610.0	174397.0	262201.0	352392.0	461753.0	563330.0	735202.0	1007568.0	1948956.0	15421650.0	6038433.0
	7.0	8.0	9.0	10.0	11.0	12.0	13.0	14.0	15.0	16.0	17.0	18.0	19.0	20.0	21.0	22.0	23.0	24.0	25.0	26.0	27.0	28.0	29.0	30.0	31.0	32.0	33.0	34.0	35.0	36.0	37.0
NS.1223.004.NEBNext_dual_i7_G3---NEBNext_dual_i5_G3.10_35_ACC_R2	1.0	4.0	5.0	8.0	17.0	75.0	476.0	918.0	1199.0	1577.0	2427.0	3668.0	6135.0	9968.0	17587.0	28855.0	46440.0	65374.0	87709.0	107456.0	137317.0	173594.0	226848.0	283651.0	377857.0	493686.0	720698.0	1166416.0	2970844.0	16203972.0	4098344.0
	15.0	16.0	17.0	18.0	19.0	20.0	21.0	22.0	23.0	24.0	25.0	26.0	27.0	28.0	29.0	30.0	31.0	32.0	33.0	34.0	35.0	36.0	37.0
NS.1223.004.NEBNext_dual_i7_G4---NEBNext_dual_i5_G4.04_09_vHIP_R1	5.0	14.0	66.0	218.0	430.0	930.0	1832.0	3859.0	9151.0	19583.0	39285.0	70763.0	122520.0	191914.0	290392.0	392454.0	524669.0	654957.0	870441.0	1200698.0	2319813.0	18415190.0	7047544.0
	4.0	5.0	6.0	7.0	8.0	9.0	10.0	11.0	12.0	13.0	14.0	15.0	16.0	17.0	18.0	19.0	20.0	21.0	22.0	23.0	24.0	25.0	26.0	27.0	28.0	29.0	30.0	31.0	32.0	33.0	34.0	35.0	36.0	37.0
NS.1223.004.NEBNext_dual_i7_G4---NEBNext_dual_i5_G4.04_09_vHIP_R2	1.0	0.0	2.0	2.0	2.0	1.0	9.0	19.0	154.0	853.0	1654.0	2089.0	2465.0	3621.0	5105.0	8243.0	13097.0	21036.0	32715.0	49620.0	67181.0	90163.0	111005.0	143096.0	181904.0	240418.0	304864.0	409262.0	539731.0	790169.0	1272510.0	3259888.0	19454184.0	5171665.0
	14.0	15.0	16.0	17.0	18.0	19.0	20.0	21.0	22.0	23.0	24.0	25.0	26.0	27.0	28.0	29.0	30.0	31.0	32.0	33.0	34.0	35.0	36.0	37.0
NS.1223.004.NEBNext_dual_i7_G5---NEBNext_dual_i5_G5.13_09_dHIP_R1	1.0	5.0	19.0	76.0	238.0	544.0	1080.0	2399.0	5338.0	12854.0	27452.0	56210.0	97181.0	162397.0	247535.0	365755.0	487782.0	646195.0	804056.0	1060231.0	1447695.0	2780807.0	21923178.0	8676123.0
	6.0	7.0	8.0	9.0	10.0	11.0	12.0	13.0	14.0	15.0	16.0	17.0	18.0	19.0	20.0	21.0	22.0	23.0	24.0	25.0	26.0	27.0	28.0	29.0	30.0	31.0	32.0	33.0	34.0	35.0	36.0	37.0
NS.1223.004.NEBNext_dual_i7_G5---NEBNext_dual_i5_G5.13_09_dHIP_R2	2.0	1.0	6.0	8.0	6.0	14.0	137.0	729.0	1452.0	2055.0	2571.0	4025.0	6079.0	9421.0	14856.0	24669.0	39373.0	60580.0	84849.0	112518.0	136808.0	174742.0	220718.0	290840.0	366027.0	487770.0	644308.0	941176.0	1505188.0	3752093.0	23064469.0	6857661.0
	15.0	16.0	17.0	18.0	19.0	20.0	21.0	22.0	23.0	24.0	25.0	26.0	27.0	28.0	29.0	30.0	31.0	32.0	33.0	34.0	35.0	36.0	37.0
NS.1223.004.NEBNext_dual_i7_G6---NEBNext_dual_i5_G6.01_15_ACC_R1	3.0	9.0	52.0	131.0	374.0	683.0	1616.0	3550.0	8360.0	18314.0	35976.0	61057.0	99942.0	149915.0	220014.0	292865.0	387937.0	481246.0	628775.0	858444.0	1650337.0	13310415.0	5226349.0
	6.0	7.0	8.0	9.0	10.0	11.0	12.0	13.0	14.0	15.0	16.0	17.0	18.0	19.0	20.0	21.0	22.0	23.0	24.0	25.0	26.0	27.0	28.0	29.0	30.0	31.0	32.0	33.0	34.0	35.0	36.0	37.0
NS.1223.004.NEBNext_dual_i7_G6---NEBNext_dual_i5_G6.01_15_ACC_R2	1.0	4.0	2.0	2.0	9.0	18.0	164.0	788.0	1377.0	1651.0	1998.0	2765.0	4261.0	6661.0	10346.0	17430.0	26593.0	41115.0	55616.0	72351.0	87978.0	109949.0	136177.0	175863.0	220230.0	295210.0	388469.0	565387.0	898043.0	2242750.0	13934317.0	4138839.0
	15.0	16.0	17.0	18.0	19.0	20.0	21.0	22.0	23.0	24.0	25.0	26.0	27.0	28.0	29.0	30.0	31.0	32.0	33.0	34.0	35.0	36.0	37.0
NS.1223.004.NEBNext_dual_i7_G7---NEBNext_dual_i5_G7.25_31_vHIP_R1	3.0	11.0	72.0	183.0	454.0	905.0	1962.0	4257.0	9991.0	21350.0	43600.0	76101.0	127939.0	197089.0	293239.0	393019.0	523111.0	648570.0	859917.0	1176883.0	2285416.0	18057016.0	6948666.0
	7.0	8.0	9.0	10.0	11.0	12.0	13.0	14.0	15.0	16.0	17.0	18.0	19.0	20.0	21.0	22.0	23.0	24.0	25.0	26.0	27.0	28.0	29.0	30.0	31.0	32.0	33.0	34.0	35.0	36.0	37.0
NS.1223.004.NEBNext_dual_i7_G7---NEBNext_dual_i5_G7.25_31_vHIP_R2	4.0	0.0	2.0	11.0	21.0	212.0	1216.0	2438.0	2839.0	3328.0	4282.0	5946.0	9070.0	14133.0	22519.0	34115.0	51573.0	69975.0	91579.0	111260.0	142088.0	178229.0	233535.0	294802.0	395194.0	520252.0	760732.0	1218066.0	3044291.0	18832677.0	5625365.0
	15.0	16.0	17.0	18.0	19.0	20.0	21.0	22.0	23.0	24.0	25.0	26.0	27.0	28.0	29.0	30.0	31.0	32.0	33.0	34.0	35.0	36.0	37.0
NS.1223.004.NEBNext_dual_i7_G8---NEBNext_dual_i5_G8.11_09_dHIP_R1	1.0	26.0	68.0	171.0	471.0	836.0	1862.0	4121.0	9502.0	20399.0	41195.0	71508.0	119865.0	181944.0	269869.0	357550.0	474361.0	589065.0	777690.0	1062342.0	2048422.0	15955801.0	5985716.0
	6.0	7.0	8.0	9.0	10.0	11.0	12.0	13.0	14.0	15.0	16.0	17.0	18.0	19.0	20.0	21.0	22.0	23.0	24.0	25.0	26.0	27.0	28.0	29.0	30.0	31.0	32.0	33.0	34.0	35.0	36.0	37.0
NS.1223.004.NEBNext_dual_i7_G8---NEBNext_dual_i5_G8.11_09_dHIP_R2	1.0	0.0	5.0	2.0	5.0	15.0	130.0	844.0	1630.0	1980.0	2410.0	3437.0	4880.0	7623.0	12034.0	19339.0	30258.0	46097.0	63988.0	84654.0	103366.0	131743.0	164309.0	214723.0	269802.0	360415.0	473366.0	688776.0	1102727.0	2780961.0	16608211.0	4795054.0
	15.0	16.0	17.0	18.0	19.0	20.0	21.0	22.0	23.0	24.0	25.0	26.0	27.0	28.0	29.0	30.0	31.0	32.0	33.0	34.0	35.0	36.0	37.0
NS.1223.004.NEBNext_dual_i7_G9---NEBNext_dual_i5_G9.03_32_ACC_R1	1.0	15.0	79.0	180.0	456.0	842.0	1835.0	4126.0	9432.0	20373.0	40775.0	69786.0	115102.0	174508.0	257970.0	347730.0	459209.0	561774.0	738710.0	1016729.0	1993480.0	15676339.0	5845560.0
	7.0	8.0	9.0	10.0	11.0	12.0	13.0	14.0	15.0	16.0	17.0	18.0	19.0	20.0	21.0	22.0	23.0	24.0	25.0	26.0	27.0	28.0	29.0	30.0	31.0	32.0	33.0	34.0	35.0	36.0	37.0
NS.1223.004.NEBNext_dual_i7_G9---NEBNext_dual_i5_G9.03_32_ACC_R2	1.0	2.0	2.0	5.0	13.0	222.0	843.0	1340.0	1743.0	2174.0	2961.0	4466.0	7125.0	11436.0	19208.0	29837.0	46876.0	64317.0	85596.0	103372.0	130676.0	163447.0	213068.0	268808.0	359768.0	472799.0	689282.0	1110159.0	2834813.0	16269264.0	4441388.0
	14.0	15.0	16.0	17.0	18.0	19.0	20.0	21.0	22.0	23.0	24.0	25.0	26.0	27.0	28.0	29.0	30.0	31.0	32.0	33.0	34.0	35.0	36.0	37.0
NS.1223.004.NEBNext_dual_i7_H1---NEBNext_dual_i5_H1.17_32_ACC_R1	2.0	7.0	26.0	115.0	315.0	709.0	1390.0	3068.0	6874.0	15993.0	34525.0	69205.0	118807.0	198452.0	300377.0	442763.0	590118.0	782578.0	968029.0	1270019.0	1743674.0	3424375.0	26960699.0	10105593.0
	8.0	9.0	10.0	11.0	12.0	13.0	14.0	15.0	16.0	17.0	18.0	19.0	20.0	21.0	22.0	23.0	24.0	25.0	26.0	27.0	28.0	29.0	30.0	31.0	32.0	33.0	34.0	35.0	36.0	37.0
NS.1223.004.NEBNext_dual_i7_H1---NEBNext_dual_i5_H1.17_32_ACC_R2	5.0	6.0	11.0	31.0	290.0	1725.0	3409.0	4133.0	4766.0	6536.0	9253.0	14090.0	21853.0	34932.0	53651.0	81325.0	109532.0	144700.0	173866.0	220753.0	275398.0	357568.0	449303.0	600538.0	791259.0	1156619.0	1849799.0	4636192.0	27846026.0	8190144.0
	14.0	15.0	16.0	17.0	18.0	19.0	20.0	21.0	22.0	23.0	24.0	25.0	26.0	27.0	28.0	29.0	30.0	31.0	32.0	33.0	34.0	35.0	36.0	37.0
NS.1223.004.NEBNext_dual_i7_H2---NEBNext_dual_i5_H2.08_09_vHIP_R1	2.0	4.0	25.0	98.0	248.0	574.0	1194.0	2564.0	6082.0	14280.0	29694.0	59182.0	102154.0	168995.0	253511.0	376134.0	505177.0	659220.0	816780.0	1075064.0	1480473.0	2871342.0	22745508.0	8696680.0
	6.0	7.0	8.0	9.0	10.0	11.0	12.0	13.0	14.0	15.0	16.0	17.0	18.0	19.0	20.0	21.0	22.0	23.0	24.0	25.0	26.0	27.0	28.0	29.0	30.0	31.0	32.0	33.0	34.0	35.0	36.0	37.0
NS.1223.004.NEBNext_dual_i7_H2---NEBNext_dual_i5_H2.08_09_vHIP_R2	1.0	0.0	4.0	4.0	6.0	27.0	311.0	1947.0	3785.0	4127.0	4509.0	5762.0	7904.0	12146.0	18361.0	30355.0	46853.0	71632.0	97234.0	127166.0	152767.0	194287.0	241761.0	315280.0	396136.0	531795.0	698228.0	1023757.0	1666717.0	4296962.0	23726747.0	6188414.0
	15.0	16.0	17.0	18.0	19.0	20.0	21.0	22.0	23.0	24.0	25.0	26.0	27.0	28.0	29.0	30.0	31.0	32.0	33.0	34.0	35.0	36.0	37.0
NS.1223.004.NEBNext_dual_i7_H3---NEBNext_dual_i5_H3.10_35_dHIP_R1	2.0	20.0	91.0	264.0	563.0	1089.0	2479.0	5561.0	13030.0	28071.0	56255.0	99729.0	166900.0	254600.0	377528.0	505949.0	661071.0	815369.0	1072769.0	1461836.0	2770066.0	22438086.0	9283697.0
	7.0	8.0	9.0	10.0	11.0	12.0	13.0	14.0	15.0	16.0	17.0	18.0	19.0	20.0	21.0	22.0	23.0	24.0	25.0	26.0	27.0	28.0	29.0	30.0	31.0	32.0	33.0	34.0	35.0	36.0	37.0
NS.1223.004.NEBNext_dual_i7_H3---NEBNext_dual_i5_H3.10_35_dHIP_R2	1.0	3.0	4.0	8.0	21.0	171.0	969.0	1766.0	2146.0	2654.0	3792.0	5683.0	9212.0	15014.0	25662.0	41629.0	67674.0	95264.0	128514.0	157694.0	200529.0	250063.0	327443.0	411714.0	547314.0	711954.0	1029610.0	1652205.0	4251225.0	23806254.0	6268833.0
	14.0	15.0	16.0	17.0	18.0	19.0	20.0	21.0	22.0	23.0	24.0	25.0	26.0	27.0	28.0	29.0	30.0	31.0	32.0	33.0	34.0	35.0	36.0	37.0
NS.1223.004.NEBNext_dual_i7_H4---NEBNext_dual_i5_H4.08_31_ACC_R1	1.0	3.0	17.0	75.0	191.0	448.0	892.0	1923.0	4004.0	9703.0	21006.0	42338.0	74273.0	125868.0	193248.0	288809.0	389189.0	516644.0	643017.0	842915.0	1153270.0	2234536.0	17986352.0	6939171.0
	8.0	9.0	10.0	11.0	12.0	13.0	14.0	15.0	16.0	17.0	18.0	19.0	20.0	21.0	22.0	23.0	24.0	25.0	26.0	27.0	28.0	29.0	30.0	31.0	32.0	33.0	34.0	35.0	36.0	37.0
NS.1223.004.NEBNext_dual_i7_H4---NEBNext_dual_i5_H4.08_31_ACC_R2	3.0	7.0	6.0	18.0	149.0	895.0	1752.0	1978.0	2502.0	3606.0	5305.0	8415.0	13557.0	22170.0	34703.0	53877.0	74359.0	98694.0	120801.0	153610.0	192926.0	252775.0	319048.0	422710.0	554590.0	809381.0	1300445.0	3311055.0	18835462.0	4873094.0
	14.0	15.0	16.0	17.0	18.0	19.0	20.0	21.0	22.0	23.0	24.0	25.0	26.0	27.0	28.0	29.0	30.0	31.0	32.0	33.0	34.0	35.0	36.0	37.0
NS.1223.004.NEBNext_dual_i7_H5---NEBNext_dual_i5_H5.13_09_vHIP_R1	1.0	7.0	17.0	77.0	214.0	484.0	903.0	1974.0	4113.0	9572.0	19779.0	40060.0	71425.0	124215.0	194405.0	295846.0	400239.0	542098.0	672611.0	885510.0	1224682.0	2400608.0	18498872.0	6929921.0
	6.0	7.0	8.0	9.0	10.0	11.0	12.0	13.0	14.0	15.0	16.0	17.0	18.0	19.0	20.0	21.0	22.0	23.0	24.0	25.0	26.0	27.0	28.0	29.0	30.0	31.0	32.0	33.0	34.0	35.0	36.0	37.0
NS.1223.004.NEBNext_dual_i7_H5---NEBNext_dual_i5_H5.13_09_vHIP_R2	2.0	3.0	3.0	3.0	2.0	20.0	138.0	931.0	2101.0	2705.0	3195.0	4077.0	5842.0	8944.0	14109.0	22304.0	33907.0	50584.0	68121.0	89373.0	109976.0	140368.0	178003.0	235282.0	296858.0	397443.0	526444.0	769804.0	1228177.0	3059359.0	19343512.0	5726043.0
	15.0	16.0	17.0	18.0	19.0	20.0	21.0	22.0	23.0	24.0	25.0	26.0	27.0	28.0	29.0	30.0	31.0	32.0	33.0	34.0	35.0	36.0	37.0
NS.1223.004.NEBNext_dual_i7_H6---NEBNext_dual_i5_H6.01_15_dHIP_R1	5.0	22.0	45.0	173.0	442.0	924.0	2149.0	4983.0	12570.0	26077.0	50702.0	82625.0	129319.0	188491.0	272350.0	363084.0	472767.0	578161.0	761404.0	1039709.0	1982368.0	15932668.0	6384956.0
	7.0	8.0	9.0	10.0	11.0	12.0	13.0	14.0	15.0	16.0	17.0	18.0	19.0	20.0	21.0	22.0	23.0	24.0	25.0	26.0	27.0	28.0	29.0	30.0	31.0	32.0	33.0	34.0	35.0	36.0	37.0
NS.1223.004.NEBNext_dual_i7_H6---NEBNext_dual_i5_H6.01_15_dHIP_R2	1.0	0.0	3.0	7.0	14.0	195.0	959.0	1598.0	1860.0	2283.0	3103.0	4498.0	7498.0	12423.0	22029.0	37369.0	60266.0	83721.0	109992.0	130117.0	161738.0	197826.0	254124.0	314652.0	414909.0	541956.0	785395.0	1272774.0	3338652.0	16782687.0	3743345.0
	15.0	16.0	17.0	18.0	19.0	20.0	21.0	22.0	23.0	24.0	25.0	26.0	27.0	28.0	29.0	30.0	31.0	32.0	33.0	34.0	35.0	36.0	37.0
NS.1223.004.NEBNext_dual_i7_H7---NEBNext_dual_i5_H7.05_13_ACC_R1	9.0	20.0	63.0	203.0	471.0	991.0	2095.0	4570.0	9962.0	21442.0	44045.0	79071.0	136737.0	212594.0	319814.0	432705.0	572214.0	699173.0	918579.0	1255783.0	2398270.0	19578458.0	7943107.0
	9.0	10.0	11.0	12.0	13.0	14.0	15.0	16.0	17.0	18.0	19.0	20.0	21.0	22.0	23.0	24.0	25.0	26.0	27.0	28.0	29.0	30.0	31.0	32.0	33.0	34.0	35.0	36.0	37.0
NS.1223.004.NEBNext_dual_i7_H7---NEBNext_dual_i5_H7.05_13_ACC_R2	3.0	8.0	32.0	422.0	1808.0	2915.0	3321.0	3765.0	4833.0	6749.0	10267.0	16159.0	26842.0	41636.0	64798.0	90671.0	121210.0	148286.0	189406.0	237083.0	307963.0	385050.0	508126.0	659502.0	949557.0	1532461.0	3995477.0	20547645.0	4774381.0
	15.0	16.0	17.0	18.0	19.0	20.0	21.0	22.0	23.0	24.0	25.0	26.0	27.0	28.0	29.0	30.0	31.0	32.0	33.0	34.0	35.0	36.0	37.0
NS.1223.004.NEBNext_dual_i7_H8---NEBNext_dual_i5_H8.11_09_vHIP_R1	6.0	29.0	88.0	291.0	666.0	1386.0	2984.0	6616.0	15621.0	33191.0	67017.0	115695.0	195624.0	299439.0	445717.0	599553.0	801567.0	998875.0	1313944.0	1810241.0	3543899.0	27490411.0	10406031.0
	5.0	6.0	7.0	8.0	9.0	10.0	11.0	12.0	13.0	14.0	15.0	16.0	17.0	18.0	19.0	20.0	21.0	22.0	23.0	24.0	25.0	26.0	27.0	28.0	29.0	30.0	31.0	32.0	33.0	34.0	35.0	36.0	37.0
NS.1223.004.NEBNext_dual_i7_H8---NEBNext_dual_i5_H8.11_09_vHIP_R2	1.0	0.0	2.0	5.0	9.0	21.0	25.0	345.0	2048.0	3848.0	4990.0	6021.0	8107.0	11369.0	17567.0	26511.0	42088.0	63275.0	95295.0	130618.0	172682.0	210586.0	270885.0	340912.0	447481.0	565882.0	761519.0	1018409.0	1552367.0	2715272.0	7378512.0	27214397.0	5087842.0
	15.0	16.0	17.0	18.0	19.0	20.0	21.0	22.0	23.0	24.0	25.0	26.0	27.0	28.0	29.0	30.0	31.0	32.0	33.0	34.0	35.0	36.0	37.0
NS.1223.004.NEBNext_dual_i7_H9---NEBNext_dual_i5_H9.03_32_dHIP_R1	8.0	17.0	90.0	263.0	543.0	1019.0	2246.0	5226.0	12620.0	27045.0	53658.0	92106.0	152700.0	227580.0	336104.0	444999.0	590327.0	735000.0	973778.0	1338773.0	2564629.0	20238300.0	8242590.0
	7.0	8.0	9.0	10.0	11.0	12.0	13.0	14.0	15.0	16.0	17.0	18.0	19.0	20.0	21.0	22.0	23.0	24.0	25.0	26.0	27.0	28.0	29.0	30.0	31.0	32.0	33.0	34.0	35.0	36.0	37.0
NS.1223.004.NEBNext_dual_i7_H9---NEBNext_dual_i5_H9.03_32_dHIP_R2	1.0	2.0	7.0	8.0	30.0	315.0	1809.0	3438.0	4148.0	5067.0	6766.0	9369.0	14339.0	21659.0	35111.0	54176.0	83832.0	115680.0	151965.0	182568.0	229019.0	281694.0	359444.0	442035.0	579954.0	753877.0	1103226.0	1824556.0	4750020.0	20580554.0	4444952.0

