Sample	FastQC_mqc-generalstats-fastqc-percent_duplicates	FastQC_mqc-generalstats-fastqc-percent_gc	FastQC_mqc-generalstats-fastqc-avg_sequence_length	FastQC_mqc-generalstats-fastqc-percent_fails	FastQC_mqc-generalstats-fastqc-total_sequences	Picard_mqc-generalstats-picard-PERCENT_DUPLICATION	STAR_mqc-generalstats-star-uniquely_mapped_percent	STAR_mqc-generalstats-star-uniquely_mapped	Cutadapt_mqc-generalstats-cutadapt-percent_trimmed
1223_4_i1	99.965708427627	68.0	8.0	36.36363636363637	220832685.0				
1223_4_i2	99.96577182403955	46.0	8.0	36.36363636363637	220832685.0				
NS.1223.004.NEBNext_dual_i7_A1---NEBNext_dual_i5_A1.03_32_vHIP						0.206969	93.58	44713779.0	
NS.1223.004.NEBNext_dual_i7_A1---NEBNext_dual_i5_A1.03_32_vHIP_R1	56.992603717067944	51.0	101.0	18.181818181818183	47781704.0				
NS.1223.004.NEBNext_dual_i7_A1---NEBNext_dual_i5_A1.03_32_vHIP_R2	60.033383595582194	52.0	101.0	9.090909090909092	47781704.0				0.5359756778058566
NS.1223.004.NEBNext_dual_i7_A2---NEBNext_dual_i5_A2.17_32_dHIP						0.242793	93.7	49606534.0	
NS.1223.004.NEBNext_dual_i7_A2---NEBNext_dual_i5_A2.17_32_dHIP_R1	58.02287355625462	52.0	101.0	18.181818181818183	52943903.0				
NS.1223.004.NEBNext_dual_i7_A2---NEBNext_dual_i5_A2.17_32_dHIP_R2	60.716166916625454	52.0	101.0	9.090909090909092	52943903.0				0.6045166483490877
NS.1223.004.NEBNext_dual_i7_A3---NEBNext_dual_i5_A3.07_26_ACC						0.20469	93.39	45320459.0	
NS.1223.004.NEBNext_dual_i7_A3---NEBNext_dual_i5_A3.07_26_ACC_R1	57.201022900180185	51.0	101.0	18.181818181818183	48528258.0				
NS.1223.004.NEBNext_dual_i7_A3---NEBNext_dual_i5_A3.07_26_ACC_R2	60.70013156785352	52.0	101.0	9.090909090909092	48528258.0				0.5721017838781073
NS.1223.004.NEBNext_dual_i7_A4---NEBNext_dual_i5_A4.10_35_vHIP						0.206537	93.46	44340179.0	
NS.1223.004.NEBNext_dual_i7_A4---NEBNext_dual_i5_A4.10_35_vHIP_R1	56.12584682760852	51.0	101.0	18.181818181818183	47441220.0				
NS.1223.004.NEBNext_dual_i7_A4---NEBNext_dual_i5_A4.10_35_vHIP_R2	58.73001296118294	51.0	101.0	9.090909090909092	47441220.0				0.5544215380299209
NS.1223.004.NEBNext_dual_i7_A5---NEBNext_dual_i5_A5.08_31_dHIP						0.198551	93.7	42119466.0	
NS.1223.004.NEBNext_dual_i7_A5---NEBNext_dual_i5_A5.08_31_dHIP_R1	56.26888955477321	51.0	101.0	18.181818181818183	44952861.0				
NS.1223.004.NEBNext_dual_i7_A5---NEBNext_dual_i5_A5.08_31_dHIP_R2	58.016696040614065	51.0	101.0	9.090909090909092	44952861.0				0.4884026191237294
NS.1223.004.NEBNext_dual_i7_A6---NEBNext_dual_i5_A6.24_32_ACC						0.197865	93.46	60379631.0	
NS.1223.004.NEBNext_dual_i7_A6---NEBNext_dual_i5_A6.24_32_ACC_R1	57.862981263621236	50.0	101.0	18.181818181818183	64605195.0				
NS.1223.004.NEBNext_dual_i7_A6---NEBNext_dual_i5_A6.24_32_ACC_R2	60.81870688669158	50.0	101.0	9.090909090909092	64605195.0				0.46292710732633746
NS.1223.004.NEBNext_dual_i7_A7---NEBNext_dual_i5_A7.01_15_vHIP						0.199011	93.98	53814703.0	
NS.1223.004.NEBNext_dual_i7_A7---NEBNext_dual_i5_A7.01_15_vHIP_R1	57.9101235543232	51.0	101.0	18.181818181818183	57264239.0				
NS.1223.004.NEBNext_dual_i7_A7---NEBNext_dual_i5_A7.01_15_vHIP_R2	60.42809987800698	51.0	101.0	9.090909090909092	57264239.0				0.4517326984458973
NS.1223.004.NEBNext_dual_i7_A8---NEBNext_dual_i5_A8.05_13_dHIP						0.202723	94.08	63086774.0	
NS.1223.004.NEBNext_dual_i7_A8---NEBNext_dual_i5_A8.05_13_dHIP_R1	58.868354079547466	51.0	101.0	18.181818181818183	67059738.0				
NS.1223.004.NEBNext_dual_i7_A8---NEBNext_dual_i5_A8.05_13_dHIP_R2	61.363918302027315	51.0	101.0	9.090909090909092	67059738.0				0.4264295213947603
NS.1223.004.NEBNext_dual_i7_A9---NEBNext_dual_i5_A9.01_09_ACC						0.219813	92.97	52138789.0	
NS.1223.004.NEBNext_dual_i7_A9---NEBNext_dual_i5_A9.01_09_ACC_R1	57.18993480766527	51.0	101.0	18.181818181818183	56079480.0				
NS.1223.004.NEBNext_dual_i7_A9---NEBNext_dual_i5_A9.01_09_ACC_R2	59.82613376521746	51.0	101.0	9.090909090909092	56079480.0				0.5824487896022708
NS.1223.004.NEBNext_dual_i7_B1---NEBNext_dual_i5_B1.16_38_ACC						0.208542	92.95	33310237.0	
NS.1223.004.NEBNext_dual_i7_B1---NEBNext_dual_i5_B1.16_38_ACC_R1	53.838433592183655	51.0	101.0	18.181818181818183	35836501.0				
NS.1223.004.NEBNext_dual_i7_B1---NEBNext_dual_i5_B1.16_38_ACC_R2	56.07682366558462	51.0	101.0	9.090909090909092	35836501.0				0.6194342035637225
NS.1223.004.NEBNext_dual_i7_B2---NEBNext_dual_i5_B2.17_32_vHIP						0.211708	93.19	49925823.0	
NS.1223.004.NEBNext_dual_i7_B2---NEBNext_dual_i5_B2.17_32_vHIP_R1	58.060919938679326	51.0	101.0	18.181818181818183	53572942.0				
NS.1223.004.NEBNext_dual_i7_B2---NEBNext_dual_i5_B2.17_32_vHIP_R2	61.25820041578066	51.0	101.0	9.090909090909092	53572942.0				0.6036830445614367
NS.1223.004.NEBNext_dual_i7_B3---NEBNext_dual_i5_B3.07_26_dHIP						0.219966	93.6	51084306.0	
NS.1223.004.NEBNext_dual_i7_B3---NEBNext_dual_i5_B3.07_26_dHIP_R1	58.925745441172786	51.0	101.0	18.181818181818183	54579559.0				
NS.1223.004.NEBNext_dual_i7_B3---NEBNext_dual_i5_B3.07_26_dHIP_R2	61.51535942120388	52.0	101.0	9.090909090909092	54579559.0				0.5381399670013443
NS.1223.004.NEBNext_dual_i7_B4---NEBNext_dual_i5_B4.23_38_ACC						0.194235	93.48	37067060.0	
NS.1223.004.NEBNext_dual_i7_B4---NEBNext_dual_i5_B4.23_38_ACC_R1	54.25981082985685	51.0	101.0	18.181818181818183	39651167.0				
NS.1223.004.NEBNext_dual_i7_B4---NEBNext_dual_i5_B4.23_38_ACC_R2	56.886468185630534	51.0	101.0	9.090909090909092	39651167.0				0.5156123946696659
NS.1223.004.NEBNext_dual_i7_B5---NEBNext_dual_i5_B5.08_31_vHIP						0.18414	93.7	33700544.0	
NS.1223.004.NEBNext_dual_i7_B5---NEBNext_dual_i5_B5.08_31_vHIP_R1	55.02393511971163	51.0	101.0	18.181818181818183	35966945.0				
NS.1223.004.NEBNext_dual_i7_B5---NEBNext_dual_i5_B5.08_31_vHIP_R2	57.67305193034618	52.0	101.0	9.090909090909092	35966945.0				0.5327649518960333
NS.1223.004.NEBNext_dual_i7_B6---NEBNext_dual_i5_B6.24_32_dHIP						0.214805	93.62	39578127.0	
NS.1223.004.NEBNext_dual_i7_B6---NEBNext_dual_i5_B6.24_32_dHIP_R1	54.56383224702329	51.0	101.0	18.181818181818183	42274003.0				
NS.1223.004.NEBNext_dual_i7_B6---NEBNext_dual_i5_B6.24_32_dHIP_R2	56.67213309723918	51.0	101.0	9.090909090909092	42274003.0				0.5423711355156262
NS.1223.004.NEBNext_dual_i7_B7---NEBNext_dual_i5_B7.07_09_ACC						0.194416	93.48	43017356.0	
NS.1223.004.NEBNext_dual_i7_B7---NEBNext_dual_i5_B7.07_09_ACC_R1	54.533195876612155	51.0	101.0	18.181818181818183	46018514.0				
NS.1223.004.NEBNext_dual_i7_B7---NEBNext_dual_i5_B7.07_09_ACC_R2	57.621218925794736	51.0	101.0	9.090909090909092	46018514.0				0.5576762684757016
NS.1223.004.NEBNext_dual_i7_B8---NEBNext_dual_i5_B8.05_13_vHIP						0.212853	93.49	56105525.0	
NS.1223.004.NEBNext_dual_i7_B8---NEBNext_dual_i5_B8.05_13_vHIP_R1	58.108632367104974	51.0	101.0	18.181818181818183	60010642.0				
NS.1223.004.NEBNext_dual_i7_B8---NEBNext_dual_i5_B8.05_13_vHIP_R2	60.17547137564004	51.0	101.0	9.090909090909092	60010642.0				0.5551792194814149
NS.1223.004.NEBNext_dual_i7_B9---NEBNext_dual_i5_B9.01_09_dHIP						0.215016	93.65	49712692.0	
NS.1223.004.NEBNext_dual_i7_B9---NEBNext_dual_i5_B9.01_09_dHIP_R1	57.615283638666476	51.0	101.0	18.181818181818183	53084388.0				
NS.1223.004.NEBNext_dual_i7_B9---NEBNext_dual_i5_B9.01_09_dHIP_R2	59.82140232661248	52.0	101.0	9.090909090909092	53084388.0				0.5493805951623164
NS.1223.004.NEBNext_dual_i7_C1---NEBNext_dual_i5_C1.16_38_dHIP						0.186381	93.76	32861212.0	
NS.1223.004.NEBNext_dual_i7_C1---NEBNext_dual_i5_C1.16_38_dHIP_R1	51.12212663393457	50.0	101.0	18.181818181818183	35048824.0				
NS.1223.004.NEBNext_dual_i7_C1---NEBNext_dual_i5_C1.16_38_dHIP_R2	52.88669469248777	51.0	101.0	9.090909090909092	35048824.0				0.47880805946415195
NS.1223.004.NEBNext_dual_i7_C2---NEBNext_dual_i5_C2.03_13_ACC						0.184977	93.28	28083382.0	
NS.1223.004.NEBNext_dual_i7_C2---NEBNext_dual_i5_C2.03_13_ACC_R1	50.60366163606075	50.0	101.0	18.181818181818183	30107510.0				
NS.1223.004.NEBNext_dual_i7_C2---NEBNext_dual_i5_C2.03_13_ACC_R2	53.607035428025384	51.0	101.0	9.090909090909092	30107510.0				0.5626027466828767
NS.1223.004.NEBNext_dual_i7_C3---NEBNext_dual_i5_C3.07_26_vHIP						0.212035	93.52	44482767.0	
NS.1223.004.NEBNext_dual_i7_C3---NEBNext_dual_i5_C3.07_26_vHIP_R1	57.3093610444817	51.0	101.0	18.181818181818183	47563263.0				
NS.1223.004.NEBNext_dual_i7_C3---NEBNext_dual_i5_C3.07_26_vHIP_R2	61.02982543097606	52.0	101.0	9.090909090909092	47563263.0				0.5648187712095412
NS.1223.004.NEBNext_dual_i7_C4---NEBNext_dual_i5_C4.23_38_dHIP						0.174526	93.74	28616862.0	
NS.1223.004.NEBNext_dual_i7_C4---NEBNext_dual_i5_C4.23_38_dHIP_R1	49.21510795458792	51.0	101.0	9.090909090909092	30528345.0				
NS.1223.004.NEBNext_dual_i7_C4---NEBNext_dual_i5_C4.23_38_dHIP_R2	52.103954590347065	51.0	101.0	9.090909090909092	30528345.0				0.5524488636691736
NS.1223.004.NEBNext_dual_i7_C5---NEBNext_dual_i5_C5.19_26_ACC						0.217996	93.06	34074653.0	
NS.1223.004.NEBNext_dual_i7_C5---NEBNext_dual_i5_C5.19_26_ACC_R1	54.62742089813855	51.0	101.0	18.181818181818183	36616291.0				
NS.1223.004.NEBNext_dual_i7_C5---NEBNext_dual_i5_C5.19_26_ACC_R2	57.13962534847868	51.0	101.0	9.090909090909092	36616291.0				0.577799449219945
NS.1223.004.NEBNext_dual_i7_C6---NEBNext_dual_i5_C6.24_32_vHIP						0.190777	93.56	26778213.0	
NS.1223.004.NEBNext_dual_i7_C6---NEBNext_dual_i5_C6.24_32_vHIP_R1	51.86209385417124	52.0	101.0	18.181818181818183	28622491.0				
NS.1223.004.NEBNext_dual_i7_C6---NEBNext_dual_i5_C6.24_32_vHIP_R2	54.61198172255479	52.0	101.0	9.090909090909092	28622491.0				0.5535699700333041
NS.1223.004.NEBNext_dual_i7_C7---NEBNext_dual_i5_C7.07_09_dHIP						0.237314	93.92	43166959.0	
NS.1223.004.NEBNext_dual_i7_C7---NEBNext_dual_i5_C7.07_09_dHIP_R1	56.07796847383665	51.0	101.0	18.181818181818183	45962658.0				
NS.1223.004.NEBNext_dual_i7_C7---NEBNext_dual_i5_C7.07_09_dHIP_R2	58.929698561978256	51.0	101.0	9.090909090909092	45962658.0				0.46633670005389466
NS.1223.004.NEBNext_dual_i7_C8---NEBNext_dual_i5_C8.06_38_ACC						0.183934	93.72	28076544.0	
NS.1223.004.NEBNext_dual_i7_C8---NEBNext_dual_i5_C8.06_38_ACC_R1	51.36767483320938	51.0	101.0	18.181818181818183	29959481.0				
NS.1223.004.NEBNext_dual_i7_C8---NEBNext_dual_i5_C8.06_38_ACC_R2	53.60407659852442	52.0	101.0	9.090909090909092	29959481.0				0.4945277276133702
NS.1223.004.NEBNext_dual_i7_C9---NEBNext_dual_i5_C9.01_09_vHIP						0.181793	93.6	27624315.0	
NS.1223.004.NEBNext_dual_i7_C9---NEBNext_dual_i5_C9.01_09_vHIP_R1	51.441512203110655	52.0	101.0	18.181818181818183	29511736.0				
NS.1223.004.NEBNext_dual_i7_C9---NEBNext_dual_i5_C9.01_09_vHIP_R2	54.01527354943475	52.0	101.0	9.090909090909092	29511736.0				0.5603284854755296
NS.1223.004.NEBNext_dual_i7_D1---NEBNext_dual_i5_D1.16_38_vHIP						0.195461	93.8	32585809.0	
NS.1223.004.NEBNext_dual_i7_D1---NEBNext_dual_i5_D1.16_38_vHIP_R1	52.52646977798382	51.0	101.0	18.181818181818183	34740834.0				
NS.1223.004.NEBNext_dual_i7_D1---NEBNext_dual_i5_D1.16_38_vHIP_R2	55.0821783557076	51.0	101.0	9.090909090909092	34740834.0				0.5478584339941606
NS.1223.004.NEBNext_dual_i7_D2---NEBNext_dual_i5_D2.03_13_dHIP						0.217419	93.64	50974960.0	
NS.1223.004.NEBNext_dual_i7_D2---NEBNext_dual_i5_D2.03_13_dHIP_R1	56.890455233993634	51.0	101.0	18.181818181818183	54436095.0				
NS.1223.004.NEBNext_dual_i7_D2---NEBNext_dual_i5_D2.03_13_dHIP_R2	60.017021424172164	51.0	101.0	9.090909090909092	54436095.0				0.5751219947822205
NS.1223.004.NEBNext_dual_i7_D3---NEBNext_dual_i5_D3.14_35_ACC						0.191997	93.35	30067714.0	
NS.1223.004.NEBNext_dual_i7_D3---NEBNext_dual_i5_D3.14_35_ACC_R1	51.72876099131124	51.0	101.0	18.181818181818183	32210571.0				
NS.1223.004.NEBNext_dual_i7_D3---NEBNext_dual_i5_D3.14_35_ACC_R2	54.39167435014021	51.0	101.0	9.090909090909092	32210571.0				0.5189390086309932
NS.1223.004.NEBNext_dual_i7_D4---NEBNext_dual_i5_D4.23_38_vHIP						0.18005	93.65	25415376.0	
NS.1223.004.NEBNext_dual_i7_D4---NEBNext_dual_i5_D4.23_38_vHIP_R1	51.414333524597126	51.0	101.0	18.181818181818183	27138417.0				
NS.1223.004.NEBNext_dual_i7_D4---NEBNext_dual_i5_D4.23_38_vHIP_R2	54.606014584359485	51.0	101.0	9.090909090909092	27138417.0				0.4879067862278842
NS.1223.004.NEBNext_dual_i7_D5---NEBNext_dual_i5_D5.19_26_dHIP						0.189453	93.22	24404305.0	
NS.1223.004.NEBNext_dual_i7_D5---NEBNext_dual_i5_D5.19_26_dHIP_R1	49.682463130136355	51.0	101.0	9.090909090909092	26178206.0				
NS.1223.004.NEBNext_dual_i7_D5---NEBNext_dual_i5_D5.19_26_dHIP_R2	51.05855218370314	51.0	101.0	9.090909090909092	26178206.0				0.6074899868922256
NS.1223.004.NEBNext_dual_i7_D6---NEBNext_dual_i5_D6.21_38_ACC						0.186852	93.83	41037466.0	
NS.1223.004.NEBNext_dual_i7_D6---NEBNext_dual_i5_D6.21_38_ACC_R1	54.92192071121479	51.0	101.0	18.181818181818183	43734661.0				
NS.1223.004.NEBNext_dual_i7_D6---NEBNext_dual_i5_D6.21_38_ACC_R2	57.25334034144281	51.0	101.0	9.090909090909092	43734661.0				0.45990297021050436
NS.1223.004.NEBNext_dual_i7_D7---NEBNext_dual_i5_D7.07_09_vHIP						0.173676	93.51	27217863.0	
NS.1223.004.NEBNext_dual_i7_D7---NEBNext_dual_i5_D7.07_09_vHIP_R1	50.31572033689291	51.0	101.0	18.181818181818183	29107394.0				
NS.1223.004.NEBNext_dual_i7_D7---NEBNext_dual_i5_D7.07_09_vHIP_R2	53.47607556061054	52.0	101.0	9.090909090909092	29107394.0				0.567528792114328
NS.1223.004.NEBNext_dual_i7_D8---NEBNext_dual_i5_D8.06_38_dHIP						0.208477	93.98	36192122.0	
NS.1223.004.NEBNext_dual_i7_D8---NEBNext_dual_i5_D8.06_38_dHIP_R1	54.76985632764645	51.0	101.0	18.181818181818183	38509207.0				
NS.1223.004.NEBNext_dual_i7_D8---NEBNext_dual_i5_D8.06_38_dHIP_R2	57.744579734573435	52.0	101.0	9.090909090909092	38509207.0				0.5119974771665168
NS.1223.004.NEBNext_dual_i7_D9---NEBNext_dual_i5_D9.03_15_ACC						0.169995	93.5	24229340.0	
NS.1223.004.NEBNext_dual_i7_D9---NEBNext_dual_i5_D9.03_15_ACC_R1	48.628927948601245	51.0	101.0	9.090909090909092	25914753.0				
NS.1223.004.NEBNext_dual_i7_D9---NEBNext_dual_i5_D9.03_15_ACC_R2	51.50593835353418	52.0	101.0	9.090909090909092	25914753.0				0.5300357882883725
NS.1223.004.NEBNext_dual_i7_E1---NEBNext_dual_i5_E1.27_32_ACC						0.187494	93.51	27568644.0	
NS.1223.004.NEBNext_dual_i7_E1---NEBNext_dual_i5_E1.27_32_ACC_R1	49.774138272120716	51.0	101.0	9.090909090909092	29481268.0				
NS.1223.004.NEBNext_dual_i7_E1---NEBNext_dual_i5_E1.27_32_ACC_R2	52.85531670174641	52.0	101.0	9.090909090909092	29481268.0				0.5288210583932365
NS.1223.004.NEBNext_dual_i7_E2---NEBNext_dual_i5_E2.03_13_vHIP						0.193246	93.53	34954417.0	
NS.1223.004.NEBNext_dual_i7_E2---NEBNext_dual_i5_E2.03_13_vHIP_R1	53.29297170907754	51.0	101.0	18.181818181818183	37371670.0				
NS.1223.004.NEBNext_dual_i7_E2---NEBNext_dual_i5_E2.03_13_vHIP_R2	55.10708770219965	51.0	101.0	9.090909090909092	37371670.0				0.5321189092493785
NS.1223.004.NEBNext_dual_i7_E3---NEBNext_dual_i5_E3.14_35_dHIP						0.195907	93.71	54322855.0	
NS.1223.004.NEBNext_dual_i7_E3---NEBNext_dual_i5_E3.14_35_dHIP_R1	57.104610134215854	51.0	101.0	18.181818181818183	57966911.0				
NS.1223.004.NEBNext_dual_i7_E3---NEBNext_dual_i5_E3.14_35_dHIP_R2	60.58462413213945	51.0	101.0	9.090909090909092	57966911.0				0.4868814018930405
NS.1223.004.NEBNext_dual_i7_E4---NEBNext_dual_i5_E4.04_09_ACC						0.201017	93.52	33167186.0	
NS.1223.004.NEBNext_dual_i7_E4---NEBNext_dual_i5_E4.04_09_ACC_R1	53.75198826556882	51.0	101.0	18.181818181818183	35465276.0				
NS.1223.004.NEBNext_dual_i7_E4---NEBNext_dual_i5_E4.04_09_ACC_R2	56.61993372169165	52.0	101.0	9.090909090909092	35465276.0				0.5162346810876237
NS.1223.004.NEBNext_dual_i7_E5---NEBNext_dual_i5_E5.19_26_vHIP						0.20275	93.23	32914029.0	
NS.1223.004.NEBNext_dual_i7_E5---NEBNext_dual_i5_E5.19_26_vHIP_R1	54.73957220961243	51.0	101.0	18.181818181818183	35304070.0				
NS.1223.004.NEBNext_dual_i7_E5---NEBNext_dual_i5_E5.19_26_vHIP_R2	57.53068781795212	51.0	101.0	9.090909090909092	35304070.0				0.5557418593649541
NS.1223.004.NEBNext_dual_i7_E6---NEBNext_dual_i5_E6.21_38_dHIP						0.175417	93.76	27658960.0	
NS.1223.004.NEBNext_dual_i7_E6---NEBNext_dual_i5_E6.21_38_dHIP_R1	50.86383269319696	51.0	101.0	18.181818181818183	29499590.0				
NS.1223.004.NEBNext_dual_i7_E6---NEBNext_dual_i5_E6.21_38_dHIP_R2	52.28552576438803	52.0	101.0	9.090909090909092	29499590.0				0.49684860698131067
NS.1223.004.NEBNext_dual_i7_E7---NEBNext_dual_i5_E7.25_31_ACC						0.167301	93.91	24228370.0	
NS.1223.004.NEBNext_dual_i7_E7---NEBNext_dual_i5_E7.25_31_ACC_R1	49.18690196402857	51.0	101.0	9.090909090909092	25798669.0				
NS.1223.004.NEBNext_dual_i7_E7---NEBNext_dual_i5_E7.25_31_ACC_R2	52.2954569853071	51.0	101.0	9.090909090909092	25798669.0				0.4586082781370167
NS.1223.004.NEBNext_dual_i7_E8---NEBNext_dual_i5_E8.06_38_vHIP						0.201825	93.75	38580532.0	
NS.1223.004.NEBNext_dual_i7_E8---NEBNext_dual_i5_E8.06_38_vHIP_R1	55.50335665721714	51.0	101.0	18.181818181818183	41150964.0				
NS.1223.004.NEBNext_dual_i7_E8---NEBNext_dual_i5_E8.06_38_vHIP_R2	58.57097277338609	52.0	101.0	9.090909090909092	41150964.0				0.4934142076727462
NS.1223.004.NEBNext_dual_i7_E9---NEBNext_dual_i5_E9.03_15_dHIP						0.16441	93.63	27632854.0	
NS.1223.004.NEBNext_dual_i7_E9---NEBNext_dual_i5_E9.03_15_dHIP_R1	48.442737594164484	51.0	101.0	9.090909090909092	29513634.0				
NS.1223.004.NEBNext_dual_i7_E9---NEBNext_dual_i5_E9.03_15_dHIP_R2	51.043351649419535	51.0	101.0	9.090909090909092	29513634.0				0.5941714736294621
NS.1223.004.NEBNext_dual_i7_F1---NEBNext_dual_i5_F1.27_32_dHIP						0.181628	93.95	26110989.0	
NS.1223.004.NEBNext_dual_i7_F1---NEBNext_dual_i5_F1.27_32_dHIP_R1	49.49347366104501	51.0	101.0	9.090909090909092	27791255.0				
NS.1223.004.NEBNext_dual_i7_F1---NEBNext_dual_i5_F1.27_32_dHIP_R2	52.51943816963236	51.0	101.0	9.090909090909092	27791255.0				0.4763818868579165
NS.1223.004.NEBNext_dual_i7_F2---NEBNext_dual_i5_F2.08_09_ACC						0.184609	93.32	32995670.0	
NS.1223.004.NEBNext_dual_i7_F2---NEBNext_dual_i5_F2.08_09_ACC_R1	52.37578001403365	50.0	101.0	18.181818181818183	35359355.0				
NS.1223.004.NEBNext_dual_i7_F2---NEBNext_dual_i5_F2.08_09_ACC_R2	54.99525849091263	51.0	101.0	9.090909090909092	35359355.0				0.5261959110906288
NS.1223.004.NEBNext_dual_i7_F3---NEBNext_dual_i5_F3.14_35_vHIP						0.171701	93.47	23658636.0	
NS.1223.004.NEBNext_dual_i7_F3---NEBNext_dual_i5_F3.14_35_vHIP_R1	50.206114178526256	51.0	101.0	18.181818181818183	25310499.0				
NS.1223.004.NEBNext_dual_i7_F3---NEBNext_dual_i5_F3.14_35_vHIP_R2	52.6136790656217	51.0	101.0	9.090909090909092	25310499.0				0.5115211260945527
NS.1223.004.NEBNext_dual_i7_F4---NEBNext_dual_i5_F4.04_09_dHIP						0.154365	93.55	20124580.0	
NS.1223.004.NEBNext_dual_i7_F4---NEBNext_dual_i5_F4.04_09_dHIP_R1	46.34026425285222	51.0	101.0	9.090909090909092	21511997.0				
NS.1223.004.NEBNext_dual_i7_F4---NEBNext_dual_i5_F4.04_09_dHIP_R2	48.680317634071265	51.0	101.0	0.0	21511997.0				0.4918586536242135
NS.1223.004.NEBNext_dual_i7_F5---NEBNext_dual_i5_F5.13_09_ACC						0.18907	93.16	31885347.0	
NS.1223.004.NEBNext_dual_i7_F5---NEBNext_dual_i5_F5.13_09_ACC_R1	51.326194005204215	50.0	101.0	18.181818181818183	34227607.0				
NS.1223.004.NEBNext_dual_i7_F5---NEBNext_dual_i5_F5.13_09_ACC_R2	53.86782727678222	51.0	101.0	9.090909090909092	34227607.0				0.592806025941817
NS.1223.004.NEBNext_dual_i7_F6---NEBNext_dual_i5_F6.21_38_vHIP						0.205588	93.5	31918935.0	
NS.1223.004.NEBNext_dual_i7_F6---NEBNext_dual_i5_F6.21_38_vHIP_R1	53.01914474790412	52.0	101.0	18.181818181818183	34136366.0				
NS.1223.004.NEBNext_dual_i7_F6---NEBNext_dual_i5_F6.21_38_vHIP_R2	55.2322930853304	52.0	101.0	9.090909090909092	34136366.0				0.5649421145788983
NS.1223.004.NEBNext_dual_i7_F7---NEBNext_dual_i5_F7.25_31_dHIP						0.191137	93.8	33222650.0	
NS.1223.004.NEBNext_dual_i7_F7---NEBNext_dual_i5_F7.25_31_dHIP_R1	52.934016131974275	51.0	101.0	18.181818181818183	35419440.0				
NS.1223.004.NEBNext_dual_i7_F7---NEBNext_dual_i5_F7.25_31_dHIP_R2	56.32820343864897	51.0	101.0	9.090909090909092	35419440.0				0.5006598518824243
NS.1223.004.NEBNext_dual_i7_F8---NEBNext_dual_i5_F8.11_09_ACC						0.174981	93.14	24248270.0	
NS.1223.004.NEBNext_dual_i7_F8---NEBNext_dual_i5_F8.11_09_ACC_R1	49.65224150581544	51.0	101.0	9.090909090909092	26035217.0				
NS.1223.004.NEBNext_dual_i7_F8---NEBNext_dual_i5_F8.11_09_ACC_R2	52.41695756498254	51.0	101.0	9.090909090909092	26035217.0				0.4845941123243616
NS.1223.004.NEBNext_dual_i7_F9---NEBNext_dual_i5_F9.03_15_vHIP						0.245715	93.76	64907013.0	
NS.1223.004.NEBNext_dual_i7_F9---NEBNext_dual_i5_F9.03_15_vHIP_R1	61.2689063588712	51.0	101.0	18.181818181818183	69226984.0				
NS.1223.004.NEBNext_dual_i7_F9---NEBNext_dual_i5_F9.03_15_vHIP_R2	64.15659925155786	52.0	101.0	9.090909090909092	69226984.0				0.5077856463005984
NS.1223.004.NEBNext_dual_i7_G1---NEBNext_dual_i5_G1.27_32_vHIP						0.183486	93.57	27447427.0	
NS.1223.004.NEBNext_dual_i7_G1---NEBNext_dual_i5_G1.27_32_vHIP_R1	52.386933982567314	51.0	101.0	18.181818181818183	29335110.0				
NS.1223.004.NEBNext_dual_i7_G1---NEBNext_dual_i5_G1.27_32_vHIP_R2	54.67423115981138	51.0	101.0	9.090909090909092	29335110.0				0.51617530685723
NS.1223.004.NEBNext_dual_i7_G2---NEBNext_dual_i5_G2.08_09_dHIP						0.154139	93.48	22591841.0	
NS.1223.004.NEBNext_dual_i7_G2---NEBNext_dual_i5_G2.08_09_dHIP_R1	47.536712426143346	51.0	101.0	9.090909090909092	24168624.0				
NS.1223.004.NEBNext_dual_i7_G2---NEBNext_dual_i5_G2.08_09_dHIP_R2	50.66575101759561	52.0	101.0	9.090909090909092	24168624.0				0.5823030662145324
NS.1223.004.NEBNext_dual_i7_G3---NEBNext_dual_i5_G3.10_35_ACC						0.173466	93.3	25407287.0	
NS.1223.004.NEBNext_dual_i7_G3---NEBNext_dual_i5_G3.10_35_ACC_R1	48.85196541060207	50.0	101.0	9.090909090909092	27233126.0				
NS.1223.004.NEBNext_dual_i7_G3---NEBNext_dual_i5_G3.10_35_ACC_R2	50.95838501310631	51.0	101.0	9.090909090909092	27233126.0				0.5234397255753893
NS.1223.004.NEBNext_dual_i7_G4---NEBNext_dual_i5_G4.04_09_vHIP						0.186273	93.7	30151186.0	
NS.1223.004.NEBNext_dual_i7_G4---NEBNext_dual_i5_G4.04_09_vHIP_R1	52.55990580317659	51.0	101.0	18.181818181818183	32176728.0				
NS.1223.004.NEBNext_dual_i7_G4---NEBNext_dual_i5_G4.04_09_vHIP_R2	55.44097259906266	51.0	101.0	9.090909090909092	32176728.0				0.47107711812803665
NS.1223.004.NEBNext_dual_i7_G5---NEBNext_dual_i5_G5.13_09_dHIP						0.197946	94.02	36486524.0	
NS.1223.004.NEBNext_dual_i7_G5---NEBNext_dual_i5_G5.13_09_dHIP_R1	52.65941928910944	51.0	101.0	18.181818181818183	38805151.0				
NS.1223.004.NEBNext_dual_i7_G5---NEBNext_dual_i5_G5.13_09_dHIP_R2	55.82121234566388	51.0	101.0	9.090909090909092	38805151.0				0.4788152995461865
NS.1223.004.NEBNext_dual_i7_G6---NEBNext_dual_i5_G6.01_15_ACC						0.16475	93.65	21948190.0	
NS.1223.004.NEBNext_dual_i7_G6---NEBNext_dual_i5_G6.01_15_ACC_R1	46.46194973286282	51.0	101.0	9.090909090909092	23436364.0				
NS.1223.004.NEBNext_dual_i7_G6---NEBNext_dual_i5_G6.01_15_ACC_R2	48.95643050346945	51.0	101.0	0.0	23436364.0				0.5019337462158387
NS.1223.004.NEBNext_dual_i7_G7---NEBNext_dual_i5_G7.25_31_vHIP						0.187085	93.28	29540393.0	
NS.1223.004.NEBNext_dual_i7_G7---NEBNext_dual_i5_G7.25_31_vHIP_R1	52.26839807987941	51.0	101.0	18.181818181818183	31669754.0				
NS.1223.004.NEBNext_dual_i7_G7---NEBNext_dual_i5_G7.25_31_vHIP_R2	55.28017980784167	51.0	101.0	9.090909090909092	31669754.0				0.5022189779291786
NS.1223.004.NEBNext_dual_i7_G8---NEBNext_dual_i5_G8.11_09_dHIP						0.164232	93.46	26143996.0	
NS.1223.004.NEBNext_dual_i7_G8---NEBNext_dual_i5_G8.11_09_dHIP_R1	49.09195886914267	50.0	101.0	9.090909090909092	27972785.0				
NS.1223.004.NEBNext_dual_i7_G8---NEBNext_dual_i5_G8.11_09_dHIP_R2	51.45022298641325	51.0	101.0	9.090909090909092	27972785.0				0.49611493230415427
NS.1223.004.NEBNext_dual_i7_G9---NEBNext_dual_i5_G9.03_32_ACC						0.18332	93.11	25451776.0	
NS.1223.004.NEBNext_dual_i7_G9---NEBNext_dual_i5_G9.03_32_ACC_R1	49.477908300986805	51.0	101.0	9.090909090909092	27335011.0				
NS.1223.004.NEBNext_dual_i7_G9---NEBNext_dual_i5_G9.03_32_ACC_R2	51.95566341127174	51.0	101.0	9.090909090909092	27335011.0				0.526462217083048
NS.1223.004.NEBNext_dual_i7_H1---NEBNext_dual_i5_H1.17_32_ACC						0.201534	93.56	44007031.0	
NS.1223.004.NEBNext_dual_i7_H1---NEBNext_dual_i5_H1.17_32_ACC_R1	56.34743606514688	51.0	101.0	18.181818181818183	47037713.0				
NS.1223.004.NEBNext_dual_i7_H1---NEBNext_dual_i5_H1.17_32_ACC_R2	58.93346904657726	51.0	101.0	9.090909090909092	47037713.0				0.4996792006380746
NS.1223.004.NEBNext_dual_i7_H2---NEBNext_dual_i5_H2.08_09_vHIP						0.186691	93.42	37242407.0	
NS.1223.004.NEBNext_dual_i7_H2---NEBNext_dual_i5_H2.08_09_vHIP_R1	53.99226267609536	50.0	101.0	18.181818181818183	39864985.0				
NS.1223.004.NEBNext_dual_i7_H2---NEBNext_dual_i5_H2.08_09_vHIP_R2	56.33542405449758	51.0	101.0	9.090909090909092	39864985.0				0.5012436426861744
NS.1223.004.NEBNext_dual_i7_H3---NEBNext_dual_i5_H3.10_35_dHIP						0.18083	93.75	37512401.0	
NS.1223.004.NEBNext_dual_i7_H3---NEBNext_dual_i5_H3.10_35_dHIP_R1	53.05196844389704	51.0	101.0	18.181818181818183	40015025.0				
NS.1223.004.NEBNext_dual_i7_H3---NEBNext_dual_i5_H3.10_35_dHIP_R2	55.27679867257292	51.0	101.0	9.090909090909092	40015025.0				0.5308555726230582
NS.1223.004.NEBNext_dual_i7_H4---NEBNext_dual_i5_H4.08_31_ACC						0.181787	93.33	29367963.0	
NS.1223.004.NEBNext_dual_i7_H4---NEBNext_dual_i5_H4.08_31_ACC_R1	51.22223205640872	51.0	101.0	18.181818181818183	31467893.0				
NS.1223.004.NEBNext_dual_i7_H4---NEBNext_dual_i5_H4.08_31_ACC_R2	53.624540539194996	51.0	101.0	9.090909090909092	31467893.0				0.46899458082969564
NS.1223.004.NEBNext_dual_i7_H5---NEBNext_dual_i5_H5.13_09_vHIP						0.175384	92.99	30051887.0	
NS.1223.004.NEBNext_dual_i7_H5---NEBNext_dual_i5_H5.13_09_vHIP_R1	50.37198485492716	51.0	101.0	18.181818181818183	32317633.0				
NS.1223.004.NEBNext_dual_i7_H5---NEBNext_dual_i5_H5.13_09_vHIP_R2	53.207464974328175	51.0	101.0	9.090909090909092	32317633.0				0.6315169391665326
NS.1223.004.NEBNext_dual_i7_H6---NEBNext_dual_i5_H6.01_15_dHIP						0.171646	93.42	26425100.0	
NS.1223.004.NEBNext_dual_i7_H6---NEBNext_dual_i5_H6.01_15_dHIP_R1	48.877950019384585	51.0	101.0	9.090909090909092	28285994.0				
NS.1223.004.NEBNext_dual_i7_H6---NEBNext_dual_i5_H6.01_15_dHIP_R2	50.38923944876201	51.0	101.0	9.090909090909092	28285994.0				0.5056423519941872
NS.1223.004.NEBNext_dual_i7_H7---NEBNext_dual_i5_H7.05_13_ACC						0.196172	93.33	32321528.0	
NS.1223.004.NEBNext_dual_i7_H7---NEBNext_dual_i5_H7.05_13_ACC_R1	53.19614345261019	51.0	101.0	18.181818181818183	34630376.0				
NS.1223.004.NEBNext_dual_i7_H7---NEBNext_dual_i5_H7.05_13_ACC_R2	55.10204074513368	51.0	101.0	9.090909090909092	34630376.0				0.5434936114702272
NS.1223.004.NEBNext_dual_i7_H8---NEBNext_dual_i5_H8.11_09_vHIP						0.192347	93.48	45010971.0	
NS.1223.004.NEBNext_dual_i7_H8---NEBNext_dual_i5_H8.11_09_vHIP_R1	55.32027399672193	50.0	101.0	18.181818181818183	48148891.0				
NS.1223.004.NEBNext_dual_i7_H8---NEBNext_dual_i5_H8.11_09_vHIP_R2	56.585797669150296	51.0	101.0	9.090909090909092	48148891.0				0.48453943900106367
NS.1223.004.NEBNext_dual_i7_H9---NEBNext_dual_i5_H9.03_32_dHIP						0.179495	93.52	33704723.0	
NS.1223.004.NEBNext_dual_i7_H9---NEBNext_dual_i5_H9.03_32_dHIP_R1	51.93567657835211	50.0	101.0	18.181818181818183	36039621.0				
NS.1223.004.NEBNext_dual_i7_H9---NEBNext_dual_i5_H9.03_32_dHIP_R2	52.95579269739654	51.0	101.0	9.090909090909092	36039621.0				0.4530895110530087
