Sample	bp_processed	quality_trimmed	bp_written	percent_trimmed
NS.1223.004.NEBNext_dual_i7_A1---NEBNext_dual_i5_A1.03_32_vHIP_R2	9651904208	4942872	9600172349	0.5359756778058566
NS.1223.004.NEBNext_dual_i7_A2---NEBNext_dual_i5_A2.17_32_dHIP_R2	10694668406	5274310	10630017355	0.6045166483490877
NS.1223.004.NEBNext_dual_i7_A3---NEBNext_dual_i5_A3.07_26_ACC_R2	9802708116	5020258	9746626648	0.5721017838781073
NS.1223.004.NEBNext_dual_i7_A4---NEBNext_dual_i5_A4.10_35_vHIP_R2	9583126440	4967088	9529995523	0.5544215380299209
NS.1223.004.NEBNext_dual_i7_A5---NEBNext_dual_i5_A5.08_31_dHIP_R2	9080477922	4997623	9036128630	0.4884026191237294
NS.1223.004.NEBNext_dual_i7_A6---NEBNext_dual_i5_A6.24_32_ACC_R2	13050249390	7088867	12989836248	0.46292710732633746
NS.1223.004.NEBNext_dual_i7_A7---NEBNext_dual_i5_A7.01_15_vHIP_R2	11567376278	5928533	11515122657	0.4517326984458973
NS.1223.004.NEBNext_dual_i7_A8---NEBNext_dual_i5_A8.05_13_dHIP_R2	13546067076	6950422	13488302647	0.4264295213947603
NS.1223.004.NEBNext_dual_i7_A9---NEBNext_dual_i5_A9.01_09_ACC_R2	11328054960	6100013	11262074841	0.5824487896022708
NS.1223.004.NEBNext_dual_i7_B1---NEBNext_dual_i5_B1.16_38_ACC_R2	7238973202	3867977	7194132526	0.6194342035637225
NS.1223.004.NEBNext_dual_i7_B2---NEBNext_dual_i5_B2.17_32_vHIP_R2	10821734284	5661436	10756405309	0.6036830445614367
NS.1223.004.NEBNext_dual_i7_B3---NEBNext_dual_i5_B3.07_26_dHIP_R2	11025070918	6090606	10965740605	0.5381399670013443
NS.1223.004.NEBNext_dual_i7_B4---NEBNext_dual_i5_B4.23_38_ACC_R2	8009535734	4167490	7968237575	0.5156123946696659
NS.1223.004.NEBNext_dual_i7_B5---NEBNext_dual_i5_B5.08_31_vHIP_R2	7265322890	3606715	7226615796	0.5327649518960333
NS.1223.004.NEBNext_dual_i7_B6---NEBNext_dual_i5_B6.24_32_dHIP_R2	8539348606	4635437	8493033644	0.5423711355156262
NS.1223.004.NEBNext_dual_i7_B7---NEBNext_dual_i5_B7.07_09_ACC_R2	9295739828	4938771	9243899693	0.5576762684757016
NS.1223.004.NEBNext_dual_i7_B8---NEBNext_dual_i5_B8.05_13_vHIP_R2	12122149684	6536516	12054850028	0.5551792194814149
NS.1223.004.NEBNext_dual_i7_B9---NEBNext_dual_i5_B9.01_09_dHIP_R2	10723046376	5662053	10664136040	0.5493805951623164
NS.1223.004.NEBNext_dual_i7_C1---NEBNext_dual_i5_C1.16_38_dHIP_R2	7079862448	3898822	7045963496	0.47880805946415195
NS.1223.004.NEBNext_dual_i7_C2---NEBNext_dual_i5_C2.03_13_ACC_R2	6081717020	3082818	6047501113	0.5626027466828767
NS.1223.004.NEBNext_dual_i7_C3---NEBNext_dual_i5_C3.07_26_vHIP_R2	9607779126	4868953	9553512586	0.5648187712095412
NS.1223.004.NEBNext_dual_i7_C4---NEBNext_dual_i5_C4.23_38_dHIP_R2	6166725690	3212883	6132657684	0.5524488636691736
NS.1223.004.NEBNext_dual_i7_C5---NEBNext_dual_i5_C5.19_26_ACC_R2	7396490782	3963007	7353753899	0.577799449219945
NS.1223.004.NEBNext_dual_i7_C6---NEBNext_dual_i5_C6.24_32_vHIP_R2	5781743182	2876492	5749737188	0.5535699700333041
NS.1223.004.NEBNext_dual_i7_C7---NEBNext_dual_i5_C7.07_09_dHIP_R2	9284456916	4793307	9241160086	0.46633670005389466
NS.1223.004.NEBNext_dual_i7_C8---NEBNext_dual_i5_C8.06_38_ACC_R2	6051815162	3088045	6021887258	0.4945277276133702
NS.1223.004.NEBNext_dual_i7_C9---NEBNext_dual_i5_C9.01_09_vHIP_R2	5961370672	3128227	5927967414	0.5603284854755296
NS.1223.004.NEBNext_dual_i7_D1---NEBNext_dual_i5_D1.16_38_vHIP_R2	7017648468	3677620	6979201689	0.5478584339941606
NS.1223.004.NEBNext_dual_i7_D2---NEBNext_dual_i5_D2.03_13_dHIP_R2	10996091190	5501176	10932850251	0.5751219947822205
NS.1223.004.NEBNext_dual_i7_D3---NEBNext_dual_i5_D3.14_35_ACC_R2	6506535342	3674873	6472770392	0.5189390086309932
NS.1223.004.NEBNext_dual_i7_D4---NEBNext_dual_i5_D4.23_38_vHIP_R2	5481960234	2780962	5455213378	0.4879067862278842
NS.1223.004.NEBNext_dual_i7_D5---NEBNext_dual_i5_D5.19_26_dHIP_R2	5287997612	2943598	5255873556	0.6074899868922256
NS.1223.004.NEBNext_dual_i7_D6---NEBNext_dual_i5_D6.21_38_ACC_R2	8834401522	4735627	8793771847	0.45990297021050436
NS.1223.004.NEBNext_dual_i7_D7---NEBNext_dual_i5_D7.07_09_vHIP_R2	5879693588	3033874	5846324634	0.567528792114328
NS.1223.004.NEBNext_dual_i7_D8---NEBNext_dual_i5_D8.06_38_dHIP_R2	7778859814	3874112	7739032248	0.5119974771665168
NS.1223.004.NEBNext_dual_i7_D9---NEBNext_dual_i5_D9.03_15_ACC_R2	5234780106	2736178	5207033898	0.5300357882883725
NS.1223.004.NEBNext_dual_i7_E1---NEBNext_dual_i5_E1.27_32_ACC_R2	5955216136	3095890	5923723699	0.5288210583932365
NS.1223.004.NEBNext_dual_i7_E2---NEBNext_dual_i5_E2.03_13_vHIP_R2	7549077340	4034378	7508907272	0.5321189092493785
NS.1223.004.NEBNext_dual_i7_E3---NEBNext_dual_i5_E3.14_35_dHIP_R2	11709316022	6284515	11652305540	0.4868814018930405
NS.1223.004.NEBNext_dual_i7_E4---NEBNext_dual_i5_E4.04_09_ACC_R2	7163985752	3783396	7127002773	0.5162346810876237
NS.1223.004.NEBNext_dual_i7_E5---NEBNext_dual_i5_E5.19_26_vHIP_R2	7131422140	3867430	7091789842	0.5557418593649541
NS.1223.004.NEBNext_dual_i7_E6---NEBNext_dual_i5_E6.21_38_dHIP_R2	5958917180	3341114	5929310383	0.49684860698131067
NS.1223.004.NEBNext_dual_i7_E7---NEBNext_dual_i5_E7.25_31_ACC_R2	5211331138	2633847	5187431542	0.4586082781370167
NS.1223.004.NEBNext_dual_i7_E8---NEBNext_dual_i5_E8.06_38_vHIP_R2	8312494728	4294606	8271479698	0.4934142076727462
NS.1223.004.NEBNext_dual_i7_E9---NEBNext_dual_i5_E9.03_15_dHIP_R2	5961754068	3213216	5926331026	0.5941714736294621
NS.1223.004.NEBNext_dual_i7_F1---NEBNext_dual_i5_F1.27_32_dHIP_R2	5613833510	2938612	5587090224	0.4763818868579165
NS.1223.004.NEBNext_dual_i7_F2---NEBNext_dual_i5_F2.08_09_ACC_R2	7142589710	3750657	7105005695	0.5261959110906288
NS.1223.004.NEBNext_dual_i7_F3---NEBNext_dual_i5_F3.14_35_vHIP_R2	5112720798	2679876	5086568151	0.5115211260945527
NS.1223.004.NEBNext_dual_i7_F4---NEBNext_dual_i5_F4.04_09_dHIP_R2	4345423394	2384589	4324050053	0.4918586536242135
NS.1223.004.NEBNext_dual_i7_F5---NEBNext_dual_i5_F5.13_09_ACC_R2	6913976614	3773702	6872990144	0.592806025941817
NS.1223.004.NEBNext_dual_i7_F6---NEBNext_dual_i5_F6.21_38_vHIP_R2	6895545932	3643611	6856590089	0.5649421145788983
NS.1223.004.NEBNext_dual_i7_F7---NEBNext_dual_i5_F7.25_31_dHIP_R2	7154726880	3654964	7118906035	0.5006598518824243
NS.1223.004.NEBNext_dual_i7_F8---NEBNext_dual_i5_F8.11_09_ACC_R2	5259113834	2833658	5233628478	0.4845941123243616
NS.1223.004.NEBNext_dual_i7_F9---NEBNext_dual_i5_F9.03_15_vHIP_R2	13983850768	7094485	13912842781	0.5077856463005984
NS.1223.004.NEBNext_dual_i7_G1---NEBNext_dual_i5_G1.27_32_vHIP_R2	5925692220	3162743	5895105260	0.51617530685723
NS.1223.004.NEBNext_dual_i7_G2---NEBNext_dual_i5_G2.08_09_dHIP_R2	4882062048	2531159	4853633651	0.5823030662145324
NS.1223.004.NEBNext_dual_i7_G3---NEBNext_dual_i5_G3.10_35_ACC_R2	5501091452	3214305	5472296554	0.5234397255753893
NS.1223.004.NEBNext_dual_i7_G4---NEBNext_dual_i5_G4.04_09_vHIP_R2	6499699056	3352370	6469080461	0.47107711812803665
NS.1223.004.NEBNext_dual_i7_G5---NEBNext_dual_i5_G5.13_09_dHIP_R2	7838640502	4132157	7801107892	0.4788152995461865
NS.1223.004.NEBNext_dual_i7_G6---NEBNext_dual_i5_G6.01_15_ACC_R2	4734145528	2568080	4710383254	0.5019337462158387
NS.1223.004.NEBNext_dual_i7_G7---NEBNext_dual_i5_G7.25_31_vHIP_R2	6397290308	3459692	6365161902	0.5022189779291786
NS.1223.004.NEBNext_dual_i7_G8---NEBNext_dual_i5_G8.11_09_dHIP_R2	5650502570	3035582	5622469583	0.49611493230415427
NS.1223.004.NEBNext_dual_i7_G9---NEBNext_dual_i5_G9.03_32_ACC_R2	5521672222	3050058	5492602704	0.526462217083048
NS.1223.004.NEBNext_dual_i7_H1---NEBNext_dual_i5_H1.17_32_ACC_R2	9501618026	5249500	9454140417	0.4996792006380746
NS.1223.004.NEBNext_dual_i7_H2---NEBNext_dual_i5_H2.08_09_vHIP_R2	8052726970	4456662	8012363188	0.5012436426861744
NS.1223.004.NEBNext_dual_i7_H3---NEBNext_dual_i5_H3.10_35_dHIP_R2	8083035050	4282984	8040125808	0.5308555726230582
NS.1223.004.NEBNext_dual_i7_H4---NEBNext_dual_i5_H4.08_31_ACC_R2	6356514386	3429108	6326702678	0.46899458082969564
NS.1223.004.NEBNext_dual_i7_H5---NEBNext_dual_i5_H5.13_09_vHIP_R2	6528161866	3426837	6486935418	0.6315169391665326
NS.1223.004.NEBNext_dual_i7_H6---NEBNext_dual_i5_H6.01_15_dHIP_R2	5713770788	3213479	5684879543	0.5056423519941872
NS.1223.004.NEBNext_dual_i7_H7---NEBNext_dual_i5_H7.05_13_ACC_R2	6995335952	3969757	6957316748	0.5434936114702272
NS.1223.004.NEBNext_dual_i7_H8---NEBNext_dual_i5_H8.11_09_vHIP_R2	9726075982	5702497	9678949308	0.48453943900106367
NS.1223.004.NEBNext_dual_i7_H9---NEBNext_dual_i5_H9.03_32_dHIP_R2	7280003442	4326564	7247018510	0.4530895110530087
